-99 -99 -99 -99 -99 -99 -99 -99 -99 -99 -99 -99 -99 -99 -99 -99 -99 -99 -99 -99 -99 -99 -99 -99 -99 -99 -99 -99 -99 -99 -99 -99 -99 -99 -99 -99
-99 -99 -99 000 -99 -99 -99 -99 -99 -99 -99 -99 -99 -99 -99 -99 -99 -99 -99 -99 -99 -99 -99 -99 -99 -99 -99 -99 -99 -99 -99 -99 -99 -99 -99 -99
-99 -99 000 000 000 000 -99 -99 -99 -99 -99 -99 -99 -99 -99 -99 -99 -99 -99 -99 -99 -99 -99 -99 -99 -99 -99 -99 -99 -99 -99 -99 -99 -99 -99 -99
-99 -99 -99 000 000 000 000 -99 -99 -99 -99 -99 -99 -99 -99 -99 -99 -99 -99 -99 -99 -99 -99 -99 -99 -99 -99 -99 -99 -99 -99 -99 -99 -99 -99 -99
-99 -99 -99 000 000 000 000 000 -99 -99 -99 -99 -99 -99 -99 -99 -99 -99 -99 -99 -99 -99 -99 -99 -99 -99 -99 -99 -99 -99 -99 -99 -99 -99 -99 -99
-99 -99 -99 000 000 000 036 000 000 031 029 -99 -99 -99 -99 -99 -99 -99 -99 -99 -99 -99 -99 -99 -99 -99 -99 -99 -99 -99 -99 -99 -99 -99 -99 -99
-99 000 000 000 000 036 035 000 031 032 028 -99 -99 -99 -99 -99 -99 -99 -99 -99 -99 -99 -99 -99 -99 -99 -99 -99 -99 -99 -99 -99 -99 -99 -99 -99
-99 000 000 030 000 035 035 000 000 030 032 -99 -99 -99 -99 -99 -99 -99 -99 -99 -99 -99 -99 -99 -99 -99 -99 -99 -99 -99 -99 -99 -99 -99 -99 -99
-99 -99 000 030 000 033 033 000 000 030 033 -99 -99 -99 -99 -99 -99 -99 -99 -99 -99 -99 -99 -99 -99 -99 -99 -99 -99 -99 -99 -99 -99 -99 -99 -99
-99 -99 -99 000 000 032 032 000 000 033 034 028 -99 -99 -99 -99 -99 -99 -99 -99 -99 -99 -99 -99 -99 -99 -99 -99 -99 -99 -99 -99 -99 -99 -99 -99
-99 -99 -99 -99 000 000 000 000 000 033 034 029 029 030 030 028 028 -99 -99 -99 -99 -99 -99 -99 -99 -99 -99 -99 -99 -99 -99 -99 -99 -99 -99 -99
-99 -99 -99 -99 000 000 000 000 000 032 035 031 029 031 030 028 025 032 -99 -99 -99 -99 -99 -99 -99 -99 -99 -99 -99 -99 -99 -99 -99 -99 -99 -99
-99 -99 -99 -99 000 000 000 000 000 032 034 034 034 031 031 029 025 028 000 -99 -99 -99 -99 -99 -99 -99 -99 -99 -99 -99 -99 -99 -99 -99 -99 -99
-99 -99 -99 -99 000 000 000 000 000 031 033 036 034 035 032 031 030 031 000 032 032 -99 -99 -99 -99 -99 -99 -99 -99 -99 -99 -99 -99 -99 -99 -99
-99 -99 -99 -99 000 000 000 034 034 031 036 035 032 034 033 033 031 031 000 032 033 -99 -99 -99 -99 -99 -99 -99 -99 -99 -99 -99 -99 -99 -99 -99
-99 -99 -99 -99 000 000 034 035 033 033 036 035 034 034 034 035 033 031 000 033 033 031 -99 033 000 000 -99 -99 -99 -99 -99 -99 -99 -99 -99 -99
-99 -99 -99 -99 000 036 035 035 034 035 036 036 035 034 036 035 034 033 035 034 034 030 030 032 000 000 033 -99 -99 -99 -99 -99 -99 -99 -99 -99
-99 -99 -99 000 000 034 036 037 037 037 037 038 034 033 034 031 034 035 037 036 032 031 031 032 034 000 030 032 -99 -99 -99 -99 -99 -99 -99 -99
-99 -99 -99 000 036 038 036 037 038 039 037 037 036 036 035 038 036 036 037 037 035 032 031 034 034 000 029 029 -99 -99 -99 -99 -99 -99 -99 -99
-99 -99 -99 037 036 036 035 036 039 037 036 037 038 037 036 038 037 038 038 038 038 033 036 035 033 000 031 031 032 -99 -99 037 -99 -99 -99 -99
-99 -99 -99 -99 036 035 037 038 039 038 039 037 038 038 039 039 038 038 038 037 034 032 034 034 035 036 031 033 032 033 035 037 034 -99 -99 -99
-99 -99 -99 -99 035 035 036 036 034 032 037 036 039 039 039 039 041 037 038 000 034 034 035 036 037 036 000 034 034 032 034 038 036 -99 -99 -99
-99 -99 -99 -99 032 032 032 034 033 033 033 033 038 038 037 036 037 037 000 000 034 036 035 038 038 037 000 035 034 033 034 038 036 -99 -99 -99
-99 -99 -99 -99 030 027 028 029 030 034 030 033 037 037 037 037 036 037 000 000 035 035 037 037 037 037 035 035 034 034 034 036 040 040 -99 -99
-99 -99 -99 -99 -99 028 028 028 029 032 031 000 035 036 037 035 035 000 000 000 000 000 037 036 037 000 035 035 035 038 038 036 039 038 037 -99
-99 -99 -99 -99 -99 000 027 028 028 000 000 000 035 035 036 033 032 000 000 000 000 000 000 000 000 034 034 035 036 037 038 036 -99 037 -99 -99
-99 -99 -99 -99 000 000 028 000 028 000 000 000 031 031 031 031 000 000 000 000 000 000 000 000 000 032 032 036 038 036 035 -99 -99 -99 -99 -99
-99 -99 -99 -99 -99 000 000 000 000 000 000 000 029 028 029 027 000 000 000 000 000 000 000 000 031 031 030 036 036 033 -99 -99 -99 -99 -99 -99
-99 -99 -99 -99 -99 -99 000 000 000 000 000 000 000 027 027 025 000 000 000 000 000 023 000 000 029 028 029 035 033 -99 -99 -99 -99 -99 -99 -99
-99 -99 -99 -99 -99 -99 -99 000 000 029 000 000 027 027 025 023 000 000 000 000 022 023 022 000 027 027 027 -99 -99 -99 -99 -99 -99 -99 -99 -99
-99 -99 -99 -99 -99 -99 -99 031 027 029 028 028 027 026 025 025 000 000 000 000 022 021 -99 -99 027 027 -99 -99 -99 -99 -99 -99 -99 -99 -99 -99
-99 -99 -99 -99 -99 -99 -99 031 026 024 027 027 027 027 029 030 000 000 000 023 024 -99 -99 -99 -99 -99 -99 -99 -99 -99 -99 -99 -99 -99 -99 -99
-99 -99 -99 -99 -99 -99 -99 -99 029 027 -99 -99 -99 026 027 026 000 000 000 023 -99 -99 -99 -99 -99 -99 -99 -99 -99 -99 -99 -99 -99 -99 -99 -99
-99 -99 -99 -99 -99 -99 -99 -99 -99 -99 -99 -99 -99 026 025 025 000 000 000 021 -99 -99 -99 -99 -99 -99 -99 -99 -99 -99 -99 -99 -99 -99 -99 -99
-99 -99 -99 -99 -99 -99 -99 -99 -99 -99 -99 -99 -99 000 019 019 000 000 000 000 -99 -99 -99 -99 -99 -99 -99 -99 -99 -99 -99 -99 -99 -99 -99 -99
-99 -99 -99 -99 -99 -99 -99 -99 -99 -99 -99 -99 -99 -99 013 011 000 000 000 -99 -99 -99 -99 -99 -99 -99 -99 -99 -99 -99 -99 -99 -99 -99 -99 -99
-99 -99 -99 -99 -99 -99 -99 -99 -99 -99 -99 -99 -99 -99 -99 011 -99 -99 -99 -99 -99 -99 -99 -99 -99 -99 -99 -99 -99 -99 -99 -99 -99 -99 -99 -99
