-99 -99 -99 -99 -99 -99 -99 -99 -99 -99 -99 -99 -99 -99 -99 -99 -99 -99 -99 -99 -99 -99 -99 -99 -99 -99 -99 -99 -99 -99 -99 -99 -99 -99 -99 -99
-99 -99 -99 000 -99 -99 -99 -99 -99 -99 -99 -99 -99 -99 -99 -99 -99 -99 -99 -99 -99 -99 -99 -99 -99 -99 -99 -99 -99 -99 -99 -99 -99 -99 -99 -99
-99 -99 000 000 000 000 -99 -99 -99 -99 -99 -99 -99 -99 -99 -99 -99 -99 -99 -99 -99 -99 -99 -99 -99 -99 -99 -99 -99 -99 -99 -99 -99 -99 -99 -99
-99 -99 -99 000 000 000 000 -99 -99 -99 -99 -99 -99 -99 -99 -99 -99 -99 -99 -99 -99 -99 -99 -99 -99 -99 -99 -99 -99 -99 -99 -99 -99 -99 -99 -99
-99 -99 -99 000 000 000 000 000 -99 -99 -99 -99 -99 -99 -99 -99 -99 -99 -99 -99 -99 -99 -99 -99 -99 -99 -99 -99 -99 -99 -99 -99 -99 -99 -99 -99
-99 -99 -99 000 000 000 000 000 000 000 027 -99 -99 -99 -99 -99 -99 -99 -99 -99 -99 -99 -99 -99 -99 -99 -99 -99 -99 -99 -99 -99 -99 -99 -99 -99
-99 000 000 000 000 000 000 000 000 000 026 -99 -99 -99 -99 -99 -99 -99 -99 -99 -99 -99 -99 -99 -99 -99 -99 -99 -99 -99 -99 -99 -99 -99 -99 -99
-99 000 000 026 000 027 027 000 000 026 026 -99 -99 -99 -99 -99 -99 -99 -99 -99 -99 -99 -99 -99 -99 -99 -99 -99 -99 -99 -99 -99 -99 -99 -99 -99
-99 -99 000 026 000 027 027 000 000 026 027 -99 -99 -99 -99 -99 -99 -99 -99 -99 -99 -99 -99 -99 -99 -99 -99 -99 -99 -99 -99 -99 -99 -99 -99 -99
-99 -99 -99 000 000 000 000 000 000 026 026 026 -99 -99 -99 -99 -99 -99 -99 -99 -99 -99 -99 -99 -99 -99 -99 -99 -99 -99 -99 -99 -99 -99 -99 -99
-99 -99 -99 -99 000 000 000 000 000 027 026 025 029 029 000 032 031 -99 -99 -99 -99 -99 -99 -99 -99 -99 -99 -99 -99 -99 -99 -99 -99 -99 -99 -99
-99 -99 -99 -99 000 000 000 000 000 027 028 025 030 029 000 031 031 032 -99 -99 -99 -99 -99 -99 -99 -99 -99 -99 -99 -99 -99 -99 -99 -99 -99 -99
-99 -99 -99 -99 000 000 000 000 000 028 028 027 029 029 029 031 031 033 034 -99 -99 -99 -99 -99 -99 -99 -99 -99 -99 -99 -99 -99 -99 -99 -99 -99
-99 -99 -99 -99 000 000 000 000 000 027 028 028 029 028 028 029 032 032 000 000 000 -99 -99 -99 -99 -99 -99 -99 -99 -99 -99 -99 -99 -99 -99 -99
-99 -99 -99 -99 000 000 000 000 000 027 025 027 028 027 028 028 029 032 000 000 030 -99 -99 -99 -99 -99 -99 -99 -99 -99 -99 -99 -99 -99 -99 -99
-99 -99 -99 -99 000 000 000 025 025 026 026 027 027 026 027 028 027 031 000 000 030 032 -99 032 000 000 -99 -99 -99 -99 -99 -99 -99 -99 -99 -99
-99 -99 -99 -99 000 000 025 025 025 025 027 027 025 025 027 028 029 030 000 000 029 031 031 032 000 000 000 -99 -99 -99 -99 -99 -99 -99 -99 -99
-99 -99 -99 000 000 000 026 026 025 025 027 027 023 024 026 027 029 028 030 029 029 031 031 030 029 000 025 026 -99 -99 -99 -99 -99 -99 -99 -99
-99 -99 -99 000 000 000 026 027 026 026 026 028 026 025 000 029 029 028 029 028 029 031 030 028 029 000 025 024 -99 -99 -99 -99 -99 -99 -99 -99
-99 -99 -99 000 000 026 026 026 026 027 024 024 026 000 000 029 029 028 028 028 028 031 029 030 028 000 000 023 027 -99 -99 023 -99 -99 -99 -99
-99 -99 -99 -99 000 025 025 024 023 028 025 025 026 000 000 030 029 027 027 027 029 029 028 028 029 000 000 025 027 023 024 022 021 -99 -99 -99
-99 -99 -99 -99 027 026 025 025 024 025 024 026 000 000 000 030 029 028 000 000 029 028 028 028 029 000 000 025 023 026 024 024 022 -99 -99 -99
-99 -99 -99 -99 027 027 025 024 025 024 026 027 028 000 029 029 027 029 000 000 027 027 027 028 000 000 000 028 023 025 024 024 024 -99 -99 -99
-99 -99 -99 -99 027 026 026 026 026 025 026 027 028 000 029 031 028 029 000 000 027 027 000 000 000 000 027 029 024 024 026 025 028 026 -99 -99
-99 -99 -99 -99 -99 026 026 026 027 026 026 000 000 030 029 031 030 000 000 000 000 000 000 000 000 000 000 000 025 026 026 025 027 027 027 -99
-99 -99 -99 -99 -99 000 026 026 027 000 000 000 000 031 028 029 030 000 000 000 000 000 000 000 000 000 000 027 026 026 026 025 -99 028 -99 -99
-99 -99 -99 -99 000 000 000 000 000 000 000 000 032 032 031 029 000 000 000 000 000 000 000 000 000 000 000 027 027 025 026 -99 -99 -99 -99 -99
-99 -99 -99 -99 -99 000 000 000 000 000 000 000 032 032 030 031 031 000 000 034 034 032 031 000 000 000 000 000 027 026 -99 -99 -99 -99 -99 -99
-99 -99 -99 -99 -99 -99 000 000 000 000 030 030 032 032 033 031 031 000 000 034 034 031 031 000 034 032 032 036 029 -99 -99 -99 -99 -99 -99 -99
-99 -99 -99 -99 -99 -99 -99 000 000 033 030 000 031 031 031 029 000 000 032 033 034 031 034 035 035 034 033 -99 -99 -99 -99 -99 -99 -99 -99 -99
-99 -99 -99 -99 -99 -99 -99 000 033 033 032 029 029 030 029 027 028 000 032 033 034 031 -99 -99 036 036 -99 -99 -99 -99 -99 -99 -99 -99 -99 -99
-99 -99 -99 -99 -99 -99 -99 000 033 032 031 029 027 028 025 028 000 000 000 030 034 -99 -99 -99 -99 -99 -99 -99 -99 -99 -99 -99 -99 -99 -99 -99
-99 -99 -99 -99 -99 -99 -99 -99 031 031 -99 -99 -99 000 026 000 000 000 028 029 -99 -99 -99 -99 -99 -99 -99 -99 -99 -99 -99 -99 -99 -99 -99 -99
-99 -99 -99 -99 -99 -99 -99 -99 -99 -99 -99 -99 -99 000 000 000 000 000 028 030 -99 -99 -99 -99 -99 -99 -99 -99 -99 -99 -99 -99 -99 -99 -99 -99
-99 -99 -99 -99 -99 -99 -99 -99 -99 -99 -99 -99 -99 000 000 000 000 000 027 027 -99 -99 -99 -99 -99 -99 -99 -99 -99 -99 -99 -99 -99 -99 -99 -99
-99 -99 -99 -99 -99 -99 -99 -99 -99 -99 -99 -99 -99 -99 019 020 000 024 025 -99 -99 -99 -99 -99 -99 -99 -99 -99 -99 -99 -99 -99 -99 -99 -99 -99
-99 -99 -99 -99 -99 -99 -99 -99 -99 -99 -99 -99 -99 -99 -99 021 -99 -99 -99 -99 -99 -99 -99 -99 -99 -99 -99 -99 -99 -99 -99 -99 -99 -99 -99 -99
