-99 -99 -99 -99 -99 -99 -99 -99 -99 -99 -99 -99 -99 -99 -99 -99 -99 -99 -99 -99 -99 -99 -99 -99 -99 -99 -99 -99 -99 -99 -99 -99 -99 -99 -99 -99
-99 -99 -99 000 -99 -99 -99 -99 -99 -99 -99 -99 -99 -99 -99 -99 -99 -99 -99 -99 -99 -99 -99 -99 -99 -99 -99 -99 -99 -99 -99 -99 -99 -99 -99 -99
-99 -99 043 000 000 000 -99 -99 -99 -99 -99 -99 -99 -99 -99 -99 -99 -99 -99 -99 -99 -99 -99 -99 -99 -99 -99 -99 -99 -99 -99 -99 -99 -99 -99 -99
-99 -99 -99 042 000 036 033 -99 -99 -99 -99 -99 -99 -99 -99 -99 -99 -99 -99 -99 -99 -99 -99 -99 -99 -99 -99 -99 -99 -99 -99 -99 -99 -99 -99 -99
-99 -99 -99 042 039 039 040 039 -99 -99 -99 -99 -99 -99 -99 -99 -99 -99 -99 -99 -99 -99 -99 -99 -99 -99 -99 -99 -99 -99 -99 -99 -99 -99 -99 -99
-99 -99 -99 044 041 040 043 045 042 043 040 -99 -99 -99 -99 -99 -99 -99 -99 -99 -99 -99 -99 -99 -99 -99 -99 -99 -99 -99 -99 -99 -99 -99 -99 -99
-99 046 044 044 041 042 051 053 050 052 049 -99 -99 -99 -99 -99 -99 -99 -99 -99 -99 -99 -99 -99 -99 -99 -99 -99 -99 -99 -99 -99 -99 -99 -99 -99
-99 048 043 045 046 043 050 052 055 055 056 -99 -99 -99 -99 -99 -99 -99 -99 -99 -99 -99 -99 -99 -99 -99 -99 -99 -99 -99 -99 -99 -99 -99 -99 -99
-99 -99 047 047 048 045 049 051 055 055 055 -99 -99 -99 -99 -99 -99 -99 -99 -99 -99 -99 -99 -99 -99 -99 -99 -99 -99 -99 -99 -99 -99 -99 -99 -99
-99 -99 -99 050 050 050 048 050 053 055 054 051 -99 -99 -99 -99 -99 -99 -99 -99 -99 -99 -99 -99 -99 -99 -99 -99 -99 -99 -99 -99 -99 -99 -99 -99
-99 -99 -99 -99 051 052 051 051 053 053 054 052 049 048 045 043 047 -99 -99 -99 -99 -99 -99 -99 -99 -99 -99 -99 -99 -99 -99 -99 -99 -99 -99 -99
-99 -99 -99 -99 051 052 054 052 053 053 055 052 049 048 045 042 043 043 -99 -99 -99 -99 -99 -99 -99 -99 -99 -99 -99 -99 -99 -99 -99 -99 -99 -99
-99 -99 -99 -99 000 051 054 053 051 052 051 053 051 048 042 040 038 041 000 -99 -99 -99 -99 -99 -99 -99 -99 -99 -99 -99 -99 -99 -99 -99 -99 -99
-99 -99 -99 -99 000 053 056 054 055 056 055 048 046 042 038 037 037 040 000 000 000 -99 -99 -99 -99 -99 -99 -99 -99 -99 -99 -99 -99 -99 -99 -99
-99 -99 -99 -99 000 054 059 060 055 057 053 048 042 041 037 035 037 039 000 000 000 -99 -99 -99 -99 -99 -99 -99 -99 -99 -99 -99 -99 -99 -99 -99
-99 -99 -99 -99 000 051 060 059 057 057 054 047 040 037 035 032 034 036 000 000 000 023 -99 000 000 000 -99 -99 -99 -99 -99 -99 -99 -99 -99 -99
-99 -99 -99 -99 048 049 056 058 057 057 052 047 038 036 033 031 032 030 000 000 025 024 017 000 000 000 000 -99 -99 -99 -99 -99 -99 -99 -99 -99
-99 -99 -99 044 048 053 056 058 059 059 056 050 039 038 040 027 021 020 000 020 022 023 015 015 000 000 000 000 -99 -99 -99 -99 -99 -99 -99 -99
-99 -99 -99 042 049 051 054 057 059 062 059 056 056 049 047 029 021 019 000 020 019 017 014 015 000 000 000 000 -99 -99 -99 -99 -99 -99 -99 -99
-99 -99 -99 044 047 048 052 056 058 062 061 060 058 054 048 032 022 019 000 000 017 013 014 000 000 000 000 000 000 -99 -99 000 -99 -99 -99 -99
-99 -99 -99 -99 045 047 050 057 057 061 062 061 060 056 051 032 024 019 000 000 000 014 000 000 000 000 000 000 000 000 000 000 000 -99 -99 -99
-99 -99 -99 -99 044 048 052 055 058 059 060 059 057 056 048 034 000 000 000 000 000 014 000 000 000 000 000 000 000 000 000 009 009 -99 -99 -99
-99 -99 -99 -99 045 048 053 053 053 054 055 056 055 055 048 042 000 000 000 000 000 000 000 000 000 000 000 000 000 000 000 009 000 -99 -99 -99
-99 -99 -99 -99 045 046 051 050 051 053 052 055 052 048 048 042 000 000 000 000 000 000 000 000 000 000 000 000 000 000 000 009 000 000 -99 -99
-99 -99 -99 -99 -99 047 046 046 046 051 053 052 049 048 046 038 037 000 000 000 000 000 000 000 000 000 000 000 019 019 000 016 021 018 000 -99
-99 -99 -99 -99 -99 000 039 041 039 050 000 000 048 045 042 036 037 000 000 000 000 000 000 000 000 000 000 035 027 024 034 021 -99 018 -99 -99
-99 -99 -99 -99 000 000 039 036 037 000 000 000 045 041 036 034 000 000 000 000 000 000 000 000 000 000 000 035 029 029 034 -99 -99 -99 -99 -99
-99 -99 -99 -99 -99 000 000 000 000 000 000 047 045 038 033 030 000 000 000 000 000 000 000 000 000 000 040 040 036 039 -99 -99 -99 -99 -99 -99
-99 -99 -99 -99 -99 -99 000 000 000 000 042 047 049 040 027 027 000 000 000 000 000 000 000 000 000 037 040 043 040 -99 -99 -99 -99 -99 -99 -99
-99 -99 -99 -99 -99 -99 -99 000 000 000 042 049 044 035 024 024 000 000 000 000 000 000 000 000 028 038 040 -99 -99 -99 -99 -99 -99 -99 -99 -99
-99 -99 -99 -99 -99 -99 -99 000 000 000 040 037 040 025 020 000 000 000 000 000 000 000 -99 -99 032 037 -99 -99 -99 -99 -99 -99 -99 -99 -99 -99
-99 -99 -99 -99 -99 -99 -99 000 000 000 029 026 033 027 000 000 000 000 000 000 000 -99 -99 -99 -99 -99 -99 -99 -99 -99 -99 -99 -99 -99 -99 -99
-99 -99 -99 -99 -99 -99 -99 -99 000 000 -99 -99 -99 000 000 000 000 000 000 000 -99 -99 -99 -99 -99 -99 -99 -99 -99 -99 -99 -99 -99 -99 -99 -99
-99 -99 -99 -99 -99 -99 -99 -99 -99 -99 -99 -99 -99 000 000 000 000 000 000 000 -99 -99 -99 -99 -99 -99 -99 -99 -99 -99 -99 -99 -99 -99 -99 -99
-99 -99 -99 -99 -99 -99 -99 -99 -99 -99 -99 -99 -99 000 000 000 000 000 000 000 -99 -99 -99 -99 -99 -99 -99 -99 -99 -99 -99 -99 -99 -99 -99 -99
-99 -99 -99 -99 -99 -99 -99 -99 -99 -99 -99 -99 -99 -99 013 015 000 000 024 -99 -99 -99 -99 -99 -99 -99 -99 -99 -99 -99 -99 -99 -99 -99 -99 -99
-99 -99 -99 -99 -99 -99 -99 -99 -99 -99 -99 -99 -99 -99 -99 019 -99 -99 -99 -99 -99 -99 -99 -99 -99 -99 -99 -99 -99 -99 -99 -99 -99 -99 -99 -99
