-99 -99 -99 -99 -99 -99 -99 -99 -99 -99 -99 -99 -99 -99 -99 -99 -99 -99 -99 -99 -99 -99 -99 -99 -99 -99 -99 -99 -99 -99 -99 -99 -99 -99 -99 -99
-99 -99 -99 000 -99 -99 -99 -99 -99 -99 -99 -99 -99 -99 -99 -99 -99 -99 -99 -99 -99 -99 -99 -99 -99 -99 -99 -99 -99 -99 -99 -99 -99 -99 -99 -99
-99 -99 000 000 000 000 -99 -99 -99 -99 -99 -99 -99 -99 -99 -99 -99 -99 -99 -99 -99 -99 -99 -99 -99 -99 -99 -99 -99 -99 -99 -99 -99 -99 -99 -99
-99 -99 -99 000 000 035 035 -99 -99 -99 -99 -99 -99 -99 -99 -99 -99 -99 -99 -99 -99 -99 -99 -99 -99 -99 -99 -99 -99 -99 -99 -99 -99 -99 -99 -99
-99 -99 -99 000 000 000 035 036 -99 -99 -99 -99 -99 -99 -99 -99 -99 -99 -99 -99 -99 -99 -99 -99 -99 -99 -99 -99 -99 -99 -99 -99 -99 -99 -99 -99
-99 -99 -99 039 034 034 036 035 034 034 035 -99 -99 -99 -99 -99 -99 -99 -99 -99 -99 -99 -99 -99 -99 -99 -99 -99 -99 -99 -99 -99 -99 -99 -99 -99
-99 033 036 039 034 034 035 033 032 033 034 -99 -99 -99 -99 -99 -99 -99 -99 -99 -99 -99 -99 -99 -99 -99 -99 -99 -99 -99 -99 -99 -99 -99 -99 -99
-99 035 034 038 000 035 035 031 000 033 033 -99 -99 -99 -99 -99 -99 -99 -99 -99 -99 -99 -99 -99 -99 -99 -99 -99 -99 -99 -99 -99 -99 -99 -99 -99
-99 -99 035 038 000 036 036 032 000 033 033 -99 -99 -99 -99 -99 -99 -99 -99 -99 -99 -99 -99 -99 -99 -99 -99 -99 -99 -99 -99 -99 -99 -99 -99 -99
-99 -99 -99 037 000 036 036 032 000 033 033 033 -99 -99 -99 -99 -99 -99 -99 -99 -99 -99 -99 -99 -99 -99 -99 -99 -99 -99 -99 -99 -99 -99 -99 -99
-99 -99 -99 -99 000 000 000 000 000 033 033 033 034 035 035 035 036 -99 -99 -99 -99 -99 -99 -99 -99 -99 -99 -99 -99 -99 -99 -99 -99 -99 -99 -99
-99 -99 -99 -99 000 000 000 000 000 033 032 032 030 034 035 035 036 036 -99 -99 -99 -99 -99 -99 -99 -99 -99 -99 -99 -99 -99 -99 -99 -99 -99 -99
-99 -99 -99 -99 000 000 000 000 000 034 032 031 031 000 000 033 031 036 039 -99 -99 -99 -99 -99 -99 -99 -99 -99 -99 -99 -99 -99 -99 -99 -99 -99
-99 -99 -99 -99 000 000 000 000 000 029 000 030 031 033 035 034 032 037 038 037 037 -99 -99 -99 -99 -99 -99 -99 -99 -99 -99 -99 -99 -99 -99 -99
-99 -99 -99 -99 000 000 000 000 000 028 000 028 031 034 035 035 034 037 038 036 037 -99 -99 -99 -99 -99 -99 -99 -99 -99 -99 -99 -99 -99 -99 -99
-99 -99 -99 -99 000 000 000 032 032 028 031 029 032 033 034 034 034 036 038 036 037 035 -99 030 000 000 -99 -99 -99 -99 -99 -99 -99 -99 -99 -99
-99 -99 -99 -99 000 032 031 032 031 029 030 031 033 032 035 033 034 035 000 034 034 035 027 028 000 000 000 -99 -99 -99 -99 -99 -99 -99 -99 -99
-99 -99 -99 000 000 034 031 032 033 031 029 032 032 031 034 035 032 032 035 035 036 035 028 030 030 000 000 000 -99 -99 -99 -99 -99 -99 -99 -99
-99 -99 -99 000 033 035 032 033 032 033 028 030 027 032 000 032 026 032 035 036 036 033 030 031 030 000 000 000 -99 -99 -99 -99 -99 -99 -99 -99
-99 -99 -99 000 033 033 032 032 032 036 031 028 028 000 000 030 028 033 036 037 036 032 030 027 032 000 000 016 014 -99 -99 000 -99 -99 -99 -99
-99 -99 -99 -99 032 032 032 032 031 029 028 024 027 000 000 030 031 036 038 037 038 034 031 029 032 034 000 016 013 013 013 000 000 -99 -99 -99
-99 -99 -99 -99 032 031 032 032 031 032 027 023 000 000 000 030 028 035 036 037 037 034 032 030 033 034 000 000 014 015 016 020 018 -99 -99 -99
-99 -99 -99 -99 035 030 028 028 028 028 026 024 000 000 000 030 000 035 000 000 037 034 034 033 040 038 000 000 014 018 025 020 017 -99 -99 -99
-99 -99 -99 -99 036 031 028 028 028 026 027 000 000 000 030 030 032 000 000 000 037 038 000 036 040 039 000 000 019 020 025 027 017 000 -99 -99
-99 -99 -99 -99 -99 000 000 029 028 027 000 000 000 000 031 030 032 000 000 000 000 039 000 036 040 000 000 000 020 021 026 027 017 000 000 -99
-99 -99 -99 -99 -99 000 000 000 000 000 000 000 000 032 032 030 030 000 000 000 000 039 000 000 000 000 000 019 020 020 025 025 -99 000 -99 -99
-99 -99 -99 -99 000 000 000 000 000 000 000 000 000 032 029 029 031 030 000 000 000 000 000 000 000 000 000 019 020 018 020 -99 -99 -99 -99 -99
-99 -99 -99 -99 -99 000 000 000 000 000 000 000 000 032 034 033 032 032 000 000 000 038 038 000 000 000 000 019 017 016 -99 -99 -99 -99 -99 -99
-99 -99 -99 -99 -99 -99 000 000 000 000 033 033 033 033 035 033 033 032 000 000 037 038 038 000 000 023 000 019 018 -99 -99 -99 -99 -99 -99 -99
-99 -99 -99 -99 -99 -99 -99 000 000 032 033 035 036 035 036 033 033 000 000 037 037 038 036 036 025 024 024 -99 -99 -99 -99 -99 -99 -99 -99 -99
-99 -99 -99 -99 -99 -99 -99 000 038 032 033 035 036 036 037 035 033 000 000 037 036 038 -99 -99 025 024 -99 -99 -99 -99 -99 -99 -99 -99 -99 -99
-99 -99 -99 -99 -99 -99 -99 037 038 036 035 036 036 035 033 033 000 000 000 037 036 -99 -99 -99 -99 -99 -99 -99 -99 -99 -99 -99 -99 -99 -99 -99
-99 -99 -99 -99 -99 -99 -99 -99 035 035 -99 -99 -99 035 035 035 000 000 034 035 -99 -99 -99 -99 -99 -99 -99 -99 -99 -99 -99 -99 -99 -99 -99 -99
-99 -99 -99 -99 -99 -99 -99 -99 -99 -99 -99 -99 -99 036 038 035 000 000 034 034 -99 -99 -99 -99 -99 -99 -99 -99 -99 -99 -99 -99 -99 -99 -99 -99
-99 -99 -99 -99 -99 -99 -99 -99 -99 -99 -99 -99 -99 035 035 032 000 000 033 034 -99 -99 -99 -99 -99 -99 -99 -99 -99 -99 -99 -99 -99 -99 -99 -99
-99 -99 -99 -99 -99 -99 -99 -99 -99 -99 -99 -99 -99 -99 033 031 000 033 034 -99 -99 -99 -99 -99 -99 -99 -99 -99 -99 -99 -99 -99 -99 -99 -99 -99
-99 -99 -99 -99 -99 -99 -99 -99 -99 -99 -99 -99 -99 -99 -99 030 -99 -99 -99 -99 -99 -99 -99 -99 -99 -99 -99 -99 -99 -99 -99 -99 -99 -99 -99 -99
