-99 -99 -99 -99 -99 -99 -99 -99 -99 -99 -99 -99 -99 -99 -99 -99 -99 -99 -99 -99 -99 -99 -99 -99 -99 -99 -99 -99 -99 -99 -99 -99 -99 -99 -99 -99
-99 -99 -99 000 -99 -99 -99 -99 -99 -99 -99 -99 -99 -99 -99 -99 -99 -99 -99 -99 -99 -99 -99 -99 -99 -99 -99 -99 -99 -99 -99 -99 -99 -99 -99 -99
-99 -99 000 000 000 000 -99 -99 -99 -99 -99 -99 -99 -99 -99 -99 -99 -99 -99 -99 -99 -99 -99 -99 -99 -99 -99 -99 -99 -99 -99 -99 -99 -99 -99 -99
-99 -99 -99 000 000 000 000 -99 -99 -99 -99 -99 -99 -99 -99 -99 -99 -99 -99 -99 -99 -99 -99 -99 -99 -99 -99 -99 -99 -99 -99 -99 -99 -99 -99 -99
-99 -99 -99 000 000 000 000 000 -99 -99 -99 -99 -99 -99 -99 -99 -99 -99 -99 -99 -99 -99 -99 -99 -99 -99 -99 -99 -99 -99 -99 -99 -99 -99 -99 -99
-99 -99 -99 000 000 000 000 000 000 028 020 -99 -99 -99 -99 -99 -99 -99 -99 -99 -99 -99 -99 -99 -99 -99 -99 -99 -99 -99 -99 -99 -99 -99 -99 -99
-99 000 000 000 000 000 000 000 000 018 012 -99 -99 -99 -99 -99 -99 -99 -99 -99 -99 -99 -99 -99 -99 -99 -99 -99 -99 -99 -99 -99 -99 -99 -99 -99
-99 000 000 000 000 000 000 000 000 000 011 -99 -99 -99 -99 -99 -99 -99 -99 -99 -99 -99 -99 -99 -99 -99 -99 -99 -99 -99 -99 -99 -99 -99 -99 -99
-99 -99 000 000 000 000 000 000 000 017 011 -99 -99 -99 -99 -99 -99 -99 -99 -99 -99 -99 -99 -99 -99 -99 -99 -99 -99 -99 -99 -99 -99 -99 -99 -99
-99 -99 -99 000 000 000 000 000 000 018 013 019 -99 -99 -99 -99 -99 -99 -99 -99 -99 -99 -99 -99 -99 -99 -99 -99 -99 -99 -99 -99 -99 -99 -99 -99
-99 -99 -99 -99 000 000 000 022 019 016 010 018 019 012 013 014 014 -99 -99 -99 -99 -99 -99 -99 -99 -99 -99 -99 -99 -99 -99 -99 -99 -99 -99 -99
-99 -99 -99 -99 000 000 000 022 019 014 007 018 019 012 015 015 010 011 -99 -99 -99 -99 -99 -99 -99 -99 -99 -99 -99 -99 -99 -99 -99 -99 -99 -99
-99 -99 -99 -99 000 000 000 000 000 012 011 018 017 016 000 010 013 012 016 -99 -99 -99 -99 -99 -99 -99 -99 -99 -99 -99 -99 -99 -99 -99 -99 -99
-99 -99 -99 -99 000 000 000 019 017 016 012 010 015 014 000 012 007 011 015 011 008 -99 -99 -99 -99 -99 -99 -99 -99 -99 -99 -99 -99 -99 -99 -99
-99 -99 -99 -99 000 000 000 000 016 017 015 016 014 000 000 012 012 013 014 011 008 -99 -99 -99 -99 -99 -99 -99 -99 -99 -99 -99 -99 -99 -99 -99
-99 -99 -99 -99 000 000 000 010 011 016 015 016 014 000 000 010 015 013 014 011 000 013 -99 013 017 000 -99 -99 -99 -99 -99 -99 -99 -99 -99 -99
-99 -99 -99 -99 000 000 008 008 011 013 016 016 000 000 000 009 010 010 000 000 000 014 012 012 017 021 000 -99 -99 -99 -99 -99 -99 -99 -99 -99
-99 -99 -99 000 000 011 008 007 008 007 000 000 000 000 010 012 015 015 000 000 000 014 012 012 018 021 000 000 -99 -99 -99 -99 -99 -99 -99 -99
-99 -99 -99 000 012 011 008 008 009 007 000 000 000 000 000 006 009 015 000 000 000 000 000 000 000 000 000 000 -99 -99 -99 -99 -99 -99 -99 -99
-99 -99 -99 012 012 000 009 009 010 007 000 000 000 000 000 006 008 000 000 000 000 000 000 000 000 000 000 000 010 -99 -99 008 -99 -99 -99 -99
-99 -99 -99 -99 012 000 000 010 010 000 000 000 000 000 000 008 007 000 000 000 000 000 000 000 000 000 000 000 010 008 007 008 008 -99 -99 -99
-99 -99 -99 -99 000 000 000 000 000 000 000 000 000 000 000 007 007 000 000 000 000 000 000 000 000 000 000 000 000 007 007 008 008 -99 -99 -99
-99 -99 -99 -99 000 000 000 000 000 000 000 000 000 000 007 007 006 000 000 000 000 000 000 000 000 000 000 000 000 007 007 007 006 -99 -99 -99
-99 -99 -99 -99 000 000 000 000 000 000 000 000 000 000 007 007 007 000 000 000 000 000 008 008 000 007 007 008 006 006 000 000 000 000 -99 -99
-99 -99 -99 -99 -99 000 000 000 000 000 000 000 000 000 007 006 007 000 000 000 000 008 008 007 007 007 007 008 007 007 007 000 000 000 000 -99
-99 -99 -99 -99 -99 000 000 000 000 000 000 000 000 007 007 006 006 000 000 000 000 008 007 006 007 007 007 009 007 006 006 000 -99 000 -99 -99
-99 -99 -99 -99 000 000 000 000 000 000 000 000 007 007 007 007 000 000 000 000 007 008 007 006 008 007 009 008 007 006 006 -99 -99 -99 -99 -99
-99 -99 -99 -99 -99 000 000 000 000 000 000 007 007 007 007 006 000 000 000 000 007 007 006 006 008 007 008 008 007 007 -99 -99 -99 -99 -99 -99
-99 -99 -99 -99 -99 -99 000 000 000 000 000 008 007 006 000 000 007 000 000 007 007 006 007 007 008 007 007 008 007 -99 -99 -99 -99 -99 -99 -99
-99 -99 -99 -99 -99 -99 -99 000 000 000 000 008 007 007 008 000 007 000 000 006 006 005 000 007 008 007 007 -99 -99 -99 -99 -99 -99 -99 -99 -99
-99 -99 -99 -99 -99 -99 -99 000 000 000 000 008 009 008 008 007 007 000 000 006 006 007 -99 -99 009 007 -99 -99 -99 -99 -99 -99 -99 -99 -99 -99
-99 -99 -99 -99 -99 -99 -99 000 000 000 007 009 008 008 008 008 006 006 000 007 007 -99 -99 -99 -99 -99 -99 -99 -99 -99 -99 -99 -99 -99 -99 -99
-99 -99 -99 -99 -99 -99 -99 -99 000 010 -99 -99 -99 006 007 008 005 006 009 008 -99 -99 -99 -99 -99 -99 -99 -99 -99 -99 -99 -99 -99 -99 -99 -99
-99 -99 -99 -99 -99 -99 -99 -99 -99 -99 -99 -99 -99 005 006 007 006 011 009 007 -99 -99 -99 -99 -99 -99 -99 -99 -99 -99 -99 -99 -99 -99 -99 -99
-99 -99 -99 -99 -99 -99 -99 -99 -99 -99 -99 -99 -99 005 007 006 006 008 008 008 -99 -99 -99 -99 -99 -99 -99 -99 -99 -99 -99 -99 -99 -99 -99 -99
-99 -99 -99 -99 -99 -99 -99 -99 -99 -99 -99 -99 -99 -99 006 006 006 006 007 -99 -99 -99 -99 -99 -99 -99 -99 -99 -99 -99 -99 -99 -99 -99 -99 -99
-99 -99 -99 -99 -99 -99 -99 -99 -99 -99 -99 -99 -99 -99 -99 006 -99 -99 -99 -99 -99 -99 -99 -99 -99 -99 -99 -99 -99 -99 -99 -99 -99 -99 -99 -99
