-99 -99 -99 -99 -99 -99 -99 -99 -99 -99 -99 -99 -99 -99 -99 -99 -99 -99 -99 -99 -99 -99 -99 -99 -99 -99 -99 -99 -99 -99 -99 -99 -99 -99 -99 -99
-99 -99 -99 000 -99 -99 -99 -99 -99 -99 -99 -99 -99 -99 -99 -99 -99 -99 -99 -99 -99 -99 -99 -99 -99 -99 -99 -99 -99 -99 -99 -99 -99 -99 -99 -99
-99 -99 029 000 000 000 -99 -99 -99 -99 -99 -99 -99 -99 -99 -99 -99 -99 -99 -99 -99 -99 -99 -99 -99 -99 -99 -99 -99 -99 -99 -99 -99 -99 -99 -99
-99 -99 -99 000 000 027 028 -99 -99 -99 -99 -99 -99 -99 -99 -99 -99 -99 -99 -99 -99 -99 -99 -99 -99 -99 -99 -99 -99 -99 -99 -99 -99 -99 -99 -99
-99 -99 -99 000 000 000 025 000 -99 -99 -99 -99 -99 -99 -99 -99 -99 -99 -99 -99 -99 -99 -99 -99 -99 -99 -99 -99 -99 -99 -99 -99 -99 -99 -99 -99
-99 -99 -99 027 000 000 023 000 000 000 023 -99 -99 -99 -99 -99 -99 -99 -99 -99 -99 -99 -99 -99 -99 -99 -99 -99 -99 -99 -99 -99 -99 -99 -99 -99
-99 000 027 028 000 000 000 000 000 026 026 -99 -99 -99 -99 -99 -99 -99 -99 -99 -99 -99 -99 -99 -99 -99 -99 -99 -99 -99 -99 -99 -99 -99 -99 -99
-99 027 026 028 000 000 000 000 000 027 024 -99 -99 -99 -99 -99 -99 -99 -99 -99 -99 -99 -99 -99 -99 -99 -99 -99 -99 -99 -99 -99 -99 -99 -99 -99
-99 -99 025 027 000 000 000 000 000 026 026 -99 -99 -99 -99 -99 -99 -99 -99 -99 -99 -99 -99 -99 -99 -99 -99 -99 -99 -99 -99 -99 -99 -99 -99 -99
-99 -99 -99 027 000 000 000 000 000 026 026 029 -99 -99 -99 -99 -99 -99 -99 -99 -99 -99 -99 -99 -99 -99 -99 -99 -99 -99 -99 -99 -99 -99 -99 -99
-99 -99 -99 -99 000 000 000 000 000 025 025 026 029 029 026 023 023 -99 -99 -99 -99 -99 -99 -99 -99 -99 -99 -99 -99 -99 -99 -99 -99 -99 -99 -99
-99 -99 -99 -99 000 000 000 000 000 025 025 024 029 029 026 024 022 024 -99 -99 -99 -99 -99 -99 -99 -99 -99 -99 -99 -99 -99 -99 -99 -99 -99 -99
-99 -99 -99 -99 000 000 000 000 000 025 024 027 029 027 025 023 021 022 000 -99 -99 -99 -99 -99 -99 -99 -99 -99 -99 -99 -99 -99 -99 -99 -99 -99
-99 -99 -99 -99 000 000 000 000 000 025 000 026 027 025 025 021 021 019 000 000 000 -99 -99 -99 -99 -99 -99 -99 -99 -99 -99 -99 -99 -99 -99 -99
-99 -99 -99 -99 000 000 000 000 000 025 028 026 025 025 024 020 021 019 000 000 000 -99 -99 -99 -99 -99 -99 -99 -99 -99 -99 -99 -99 -99 -99 -99
-99 -99 -99 -99 000 000 000 023 023 025 027 025 025 024 024 020 017 017 000 000 000 014 -99 016 000 000 -99 -99 -99 -99 -99 -99 -99 -99 -99 -99
-99 -99 -99 -99 000 000 022 023 025 025 024 024 023 022 024 000 017 017 000 000 013 014 018 022 000 000 037 -99 -99 -99 -99 -99 -99 -99 -99 -99
-99 -99 -99 000 000 000 022 023 024 024 023 024 022 022 000 000 000 000 000 000 014 014 020 022 029 032 038 043 -99 -99 -99 -99 -99 -99 -99 -99
-99 -99 -99 000 000 000 023 025 023 022 023 023 023 000 000 000 000 000 000 000 015 015 021 023 029 032 037 040 -99 -99 -99 -99 -99 -99 -99 -99
-99 -99 -99 000 000 022 023 020 020 021 022 021 022 000 000 000 017 000 000 000 017 016 021 025 030 033 035 039 041 -99 -99 043 -99 -99 -99 -99
-99 -99 -99 -99 023 021 022 020 020 021 020 000 022 000 000 017 017 000 000 000 020 018 021 026 029 032 035 037 038 044 042 042 040 -99 -99 -99
-99 -99 -99 -99 024 022 020 019 021 021 019 000 000 000 000 017 019 020 000 000 025 024 025 028 029 032 036 038 036 040 038 037 037 -99 -99 -99
-99 -99 -99 -99 024 022 021 021 022 022 019 000 000 000 019 022 025 022 000 000 027 029 028 033 038 038 039 038 036 038 035 035 033 -99 -99 -99
-99 -99 -99 -99 023 022 020 020 020 020 020 000 000 000 022 024 025 030 000 000 034 035 039 040 041 041 041 040 036 037 033 034 028 030 -99 -99
-99 -99 -99 -99 -99 000 000 018 018 021 000 000 000 000 022 024 025 032 000 000 038 036 041 044 045 043 043 044 043 038 036 033 028 028 026 -99
-99 -99 -99 -99 -99 000 000 000 000 000 000 000 000 000 022 024 025 000 000 000 038 042 044 047 047 047 046 042 041 036 035 032 -99 026 -99 -99
-99 -99 -99 -99 000 000 000 000 000 000 000 000 000 000 021 021 000 000 000 000 000 042 043 044 045 046 043 041 039 036 032 -99 -99 -99 -99 -99
-99 -99 -99 -99 -99 000 000 000 000 000 000 000 000 021 020 020 000 000 000 000 000 034 040 044 045 046 043 042 035 032 -99 -99 -99 -99 -99 -99
-99 -99 -99 -99 -99 -99 000 000 000 000 041 000 000 020 021 019 000 000 000 000 027 031 035 042 042 041 038 037 033 -99 -99 -99 -99 -99 -99 -99
-99 -99 -99 -99 -99 -99 -99 000 000 053 041 000 022 021 019 018 000 000 000 025 026 028 032 033 037 037 034 -99 -99 -99 -99 -99 -99 -99 -99 -99
-99 -99 -99 -99 -99 -99 -99 000 045 053 041 024 021 019 019 024 000 000 000 025 025 026 -99 -99 033 035 -99 -99 -99 -99 -99 -99 -99 -99 -99 -99
-99 -99 -99 -99 -99 -99 -99 000 045 045 032 025 023 022 030 026 000 000 000 021 022 -99 -99 -99 -99 -99 -99 -99 -99 -99 -99 -99 -99 -99 -99 -99
-99 -99 -99 -99 -99 -99 -99 -99 037 037 -99 -99 -99 033 032 036 000 000 022 021 -99 -99 -99 -99 -99 -99 -99 -99 -99 -99 -99 -99 -99 -99 -99 -99
-99 -99 -99 -99 -99 -99 -99 -99 -99 -99 -99 -99 -99 036 037 036 000 000 025 021 -99 -99 -99 -99 -99 -99 -99 -99 -99 -99 -99 -99 -99 -99 -99 -99
-99 -99 -99 -99 -99 -99 -99 -99 -99 -99 -99 -99 -99 039 037 040 040 000 028 026 -99 -99 -99 -99 -99 -99 -99 -99 -99 -99 -99 -99 -99 -99 -99 -99
-99 -99 -99 -99 -99 -99 -99 -99 -99 -99 -99 -99 -99 -99 038 040 039 035 036 -99 -99 -99 -99 -99 -99 -99 -99 -99 -99 -99 -99 -99 -99 -99 -99 -99
-99 -99 -99 -99 -99 -99 -99 -99 -99 -99 -99 -99 -99 -99 -99 040 -99 -99 -99 -99 -99 -99 -99 -99 -99 -99 -99 -99 -99 -99 -99 -99 -99 -99 -99 -99
