-99 -99 -99 -99 -99 -99 -99 -99 -99 -99 -99 -99 -99 -99 -99 -99 -99 -99 -99 -99 -99 -99 -99 -99 -99 -99 -99 -99 -99 -99 -99 -99 -99 -99 -99 -99
-99 -99 -99 000 -99 -99 -99 -99 -99 -99 -99 -99 -99 -99 -99 -99 -99 -99 -99 -99 -99 -99 -99 -99 -99 -99 -99 -99 -99 -99 -99 -99 -99 -99 -99 -99
-99 -99 000 000 000 000 -99 -99 -99 -99 -99 -99 -99 -99 -99 -99 -99 -99 -99 -99 -99 -99 -99 -99 -99 -99 -99 -99 -99 -99 -99 -99 -99 -99 -99 -99
-99 -99 -99 000 000 000 000 -99 -99 -99 -99 -99 -99 -99 -99 -99 -99 -99 -99 -99 -99 -99 -99 -99 -99 -99 -99 -99 -99 -99 -99 -99 -99 -99 -99 -99
-99 -99 -99 000 000 000 025 000 -99 -99 -99 -99 -99 -99 -99 -99 -99 -99 -99 -99 -99 -99 -99 -99 -99 -99 -99 -99 -99 -99 -99 -99 -99 -99 -99 -99
-99 -99 -99 000 023 022 030 000 000 000 026 -99 -99 -99 -99 -99 -99 -99 -99 -99 -99 -99 -99 -99 -99 -99 -99 -99 -99 -99 -99 -99 -99 -99 -99 -99
-99 000 029 029 023 023 025 000 000 000 025 -99 -99 -99 -99 -99 -99 -99 -99 -99 -99 -99 -99 -99 -99 -99 -99 -99 -99 -99 -99 -99 -99 -99 -99 -99
-99 028 028 030 000 024 025 000 000 000 023 -99 -99 -99 -99 -99 -99 -99 -99 -99 -99 -99 -99 -99 -99 -99 -99 -99 -99 -99 -99 -99 -99 -99 -99 -99
-99 -99 027 031 000 024 025 000 000 023 023 -99 -99 -99 -99 -99 -99 -99 -99 -99 -99 -99 -99 -99 -99 -99 -99 -99 -99 -99 -99 -99 -99 -99 -99 -99
-99 -99 -99 032 000 000 000 000 000 024 022 023 -99 -99 -99 -99 -99 -99 -99 -99 -99 -99 -99 -99 -99 -99 -99 -99 -99 -99 -99 -99 -99 -99 -99 -99
-99 -99 -99 -99 000 000 000 000 000 024 022 021 025 026 024 026 022 -99 -99 -99 -99 -99 -99 -99 -99 -99 -99 -99 -99 -99 -99 -99 -99 -99 -99 -99
-99 -99 -99 -99 000 000 000 000 000 024 021 022 023 026 024 025 025 022 -99 -99 -99 -99 -99 -99 -99 -99 -99 -99 -99 -99 -99 -99 -99 -99 -99 -99
-99 -99 -99 -99 000 000 000 000 000 025 023 023 022 000 025 024 028 023 028 -99 -99 -99 -99 -99 -99 -99 -99 -99 -99 -99 -99 -99 -99 -99 -99 -99
-99 -99 -99 -99 000 000 000 000 000 023 023 023 024 000 027 028 029 027 000 031 031 -99 -99 -99 -99 -99 -99 -99 -99 -99 -99 -99 -99 -99 -99 -99
-99 -99 -99 -99 000 000 000 000 000 000 000 025 025 026 028 029 030 028 000 031 031 -99 -99 -99 -99 -99 -99 -99 -99 -99 -99 -99 -99 -99 -99 -99
-99 -99 -99 -99 000 000 000 000 000 023 026 025 026 027 029 028 030 029 000 031 031 032 -99 033 000 000 -99 -99 -99 -99 -99 -99 -99 -99 -99 -99
-99 -99 -99 -99 000 027 000 000 000 022 025 025 028 027 029 028 029 028 000 030 029 028 032 031 000 000 031 -99 -99 -99 -99 -99 -99 -99 -99 -99
-99 -99 -99 000 000 000 000 000 022 022 025 026 028 026 027 027 023 026 026 026 028 030 031 028 000 000 029 028 -99 -99 -99 -99 -99 -99 -99 -99
-99 -99 -99 000 000 000 000 000 022 023 025 026 024 024 025 024 024 026 027 026 028 028 030 023 000 000 000 023 -99 -99 -99 -99 -99 -99 -99 -99
-99 -99 -99 000 000 000 018 019 021 023 025 025 023 025 025 023 024 025 026 026 027 025 027 022 019 000 000 022 020 -99 -99 025 -99 -99 -99 -99
-99 -99 -99 -99 000 019 017 019 021 024 024 023 023 025 000 023 025 025 026 000 026 024 024 020 019 000 000 020 019 026 027 026 031 -99 -99 -99
-99 -99 -99 -99 022 021 018 020 023 020 020 023 023 000 000 023 025 025 000 000 026 024 023 000 000 000 000 019 020 021 024 028 031 -99 -99 -99
-99 -99 -99 -99 022 022 022 022 019 017 019 022 000 000 023 022 023 025 000 000 000 000 000 000 000 000 000 022 021 023 026 028 033 -99 -99 -99
-99 -99 -99 -99 022 021 021 019 019 016 017 000 000 000 023 023 023 000 000 000 000 000 000 000 000 000 024 022 022 025 025 028 034 035 -99 -99
-99 -99 -99 -99 -99 000 000 019 018 000 000 000 000 022 023 022 000 000 000 000 000 000 000 000 000 000 000 029 028 028 029 028 034 034 032 -99
-99 -99 -99 -99 -99 000 000 000 000 000 000 000 000 000 019 020 000 000 000 000 000 000 000 000 000 000 030 029 029 030 030 029 -99 033 -99 -99
-99 -99 -99 -99 000 000 000 000 000 000 000 000 000 000 019 000 000 000 000 000 000 000 000 000 000 000 030 029 030 032 031 -99 -99 -99 -99 -99
-99 -99 -99 -99 -99 000 000 000 000 000 000 000 000 019 019 000 000 000 000 000 000 015 000 000 000 000 030 032 032 034 -99 -99 -99 -99 -99 -99
-99 -99 -99 -99 -99 -99 000 000 000 000 000 000 019 018 000 000 000 000 000 000 000 015 000 000 029 029 030 032 033 -99 -99 -99 -99 -99 -99 -99
-99 -99 -99 -99 -99 -99 -99 000 000 000 000 000 015 016 000 000 000 000 000 000 014 015 015 000 025 028 030 -99 -99 -99 -99 -99 -99 -99 -99 -99
-99 -99 -99 -99 -99 -99 -99 000 000 000 000 011 012 013 000 000 000 000 000 000 014 015 -99 -99 024 027 -99 -99 -99 -99 -99 -99 -99 -99 -99 -99
-99 -99 -99 -99 -99 -99 -99 000 000 000 000 011 011 012 000 000 000 000 000 000 000 -99 -99 -99 -99 -99 -99 -99 -99 -99 -99 -99 -99 -99 -99 -99
-99 -99 -99 -99 -99 -99 -99 -99 000 000 -99 -99 -99 000 000 000 000 000 000 000 -99 -99 -99 -99 -99 -99 -99 -99 -99 -99 -99 -99 -99 -99 -99 -99
-99 -99 -99 -99 -99 -99 -99 -99 -99 -99 -99 -99 -99 000 000 000 000 000 000 013 -99 -99 -99 -99 -99 -99 -99 -99 -99 -99 -99 -99 -99 -99 -99 -99
-99 -99 -99 -99 -99 -99 -99 -99 -99 -99 -99 -99 -99 000 000 000 000 000 000 000 -99 -99 -99 -99 -99 -99 -99 -99 -99 -99 -99 -99 -99 -99 -99 -99
-99 -99 -99 -99 -99 -99 -99 -99 -99 -99 -99 -99 -99 -99 000 000 000 000 000 -99 -99 -99 -99 -99 -99 -99 -99 -99 -99 -99 -99 -99 -99 -99 -99 -99
-99 -99 -99 -99 -99 -99 -99 -99 -99 -99 -99 -99 -99 -99 -99 000 -99 -99 -99 -99 -99 -99 -99 -99 -99 -99 -99 -99 -99 -99 -99 -99 -99 -99 -99 -99
