-99 -99 -99 -99 -99 -99 -99 -99 -99 -99 -99 -99 -99 -99 -99 -99 -99 -99 -99 -99 -99 -99 -99 -99 -99 -99 -99 -99 -99 -99 -99 -99 -99 -99 -99 -99
-99 -99 -99 000 -99 -99 -99 -99 -99 -99 -99 -99 -99 -99 -99 -99 -99 -99 -99 -99 -99 -99 -99 -99 -99 -99 -99 -99 -99 -99 -99 -99 -99 -99 -99 -99
-99 -99 000 000 000 000 -99 -99 -99 -99 -99 -99 -99 -99 -99 -99 -99 -99 -99 -99 -99 -99 -99 -99 -99 -99 -99 -99 -99 -99 -99 -99 -99 -99 -99 -99
-99 -99 -99 000 000 000 000 -99 -99 -99 -99 -99 -99 -99 -99 -99 -99 -99 -99 -99 -99 -99 -99 -99 -99 -99 -99 -99 -99 -99 -99 -99 -99 -99 -99 -99
-99 -99 -99 000 000 000 000 000 -99 -99 -99 -99 -99 -99 -99 -99 -99 -99 -99 -99 -99 -99 -99 -99 -99 -99 -99 -99 -99 -99 -99 -99 -99 -99 -99 -99
-99 -99 -99 000 000 000 000 000 000 000 000 -99 -99 -99 -99 -99 -99 -99 -99 -99 -99 -99 -99 -99 -99 -99 -99 -99 -99 -99 -99 -99 -99 -99 -99 -99
-99 000 000 000 000 000 000 000 000 000 000 -99 -99 -99 -99 -99 -99 -99 -99 -99 -99 -99 -99 -99 -99 -99 -99 -99 -99 -99 -99 -99 -99 -99 -99 -99
-99 000 000 000 000 000 000 000 000 000 000 -99 -99 -99 -99 -99 -99 -99 -99 -99 -99 -99 -99 -99 -99 -99 -99 -99 -99 -99 -99 -99 -99 -99 -99 -99
-99 -99 000 000 000 000 000 000 000 000 000 -99 -99 -99 -99 -99 -99 -99 -99 -99 -99 -99 -99 -99 -99 -99 -99 -99 -99 -99 -99 -99 -99 -99 -99 -99
-99 -99 -99 000 000 000 000 000 000 000 000 000 -99 -99 -99 -99 -99 -99 -99 -99 -99 -99 -99 -99 -99 -99 -99 -99 -99 -99 -99 -99 -99 -99 -99 -99
-99 -99 -99 -99 000 000 000 000 000 000 000 000 000 000 000 000 002 -99 -99 -99 -99 -99 -99 -99 -99 -99 -99 -99 -99 -99 -99 -99 -99 -99 -99 -99
-99 -99 -99 -99 000 000 000 000 000 000 000 000 000 000 000 000 002 008 -99 -99 -99 -99 -99 -99 -99 -99 -99 -99 -99 -99 -99 -99 -99 -99 -99 -99
-99 -99 -99 -99 000 000 000 000 000 000 000 000 000 000 000 000 004 008 028 -99 -99 -99 -99 -99 -99 -99 -99 -99 -99 -99 -99 -99 -99 -99 -99 -99
-99 -99 -99 -99 000 000 000 000 000 000 000 000 000 000 000 000 003 009 023 033 037 -99 -99 -99 -99 -99 -99 -99 -99 -99 -99 -99 -99 -99 -99 -99
-99 -99 -99 -99 000 000 000 000 000 017 013 020 000 000 000 009 003 009 022 029 035 -99 -99 -99 -99 -99 -99 -99 -99 -99 -99 -99 -99 -99 -99 -99
-99 -99 -99 -99 000 000 000 000 015 017 018 021 016 027 030 015 008 010 022 026 032 022 -99 017 021 021 -99 -99 -99 -99 -99 -99 -99 -99 -99 -99
-99 -99 -99 -99 000 000 000 013 016 019 029 026 022 028 027 018 011 011 000 000 000 000 000 023 026 029 031 -99 -99 -99 -99 -99 -99 -99 -99 -99
-99 -99 -99 000 000 000 000 013 019 025 034 030 024 030 030 025 023 023 000 000 000 000 000 023 029 029 031 034 -99 -99 -99 -99 -99 -99 -99 -99
-99 -99 -99 000 000 000 000 016 022 030 037 036 030 041 034 031 026 025 031 000 000 000 000 000 031 031 030 037 -99 -99 -99 -99 -99 -99 -99 -99
-99 -99 -99 000 000 000 000 019 023 029 036 037 000 034 032 030 028 028 032 000 000 000 000 000 031 000 036 040 045 -99 -99 049 -99 -99 -99 -99
-99 -99 -99 -99 000 000 000 022 020 029 033 000 000 032 028 028 029 031 034 000 000 000 000 000 031 036 036 041 046 050 050 051 049 -99 -99 -99
-99 -99 -99 -99 000 000 000 021 021 021 000 000 000 026 024 032 030 032 035 034 036 029 028 000 000 036 037 039 042 049 046 050 047 -99 -99 -99
-99 -99 -99 -99 000 000 000 000 000 000 000 000 000 023 022 027 028 029 034 034 034 029 028 000 000 033 034 041 043 046 045 049 042 -99 -99 -99
-99 -99 -99 -99 000 000 000 000 000 000 000 000 000 020 021 027 026 028 033 000 032 030 028 027 028 030 034 040 044 042 046 045 044 040 -99 -99
-99 -99 -99 -99 -99 000 000 000 000 000 000 000 000 019 021 023 023 029 000 032 030 027 028 025 026 030 029 039 040 043 039 042 041 040 039 -99
-99 -99 -99 -99 -99 000 000 000 000 000 000 000 017 019 021 021 018 022 000 032 028 026 028 023 021 026 027 032 036 039 038 039 -99 040 -99 -99
-99 -99 -99 -99 000 000 000 000 000 000 000 000 017 017 020 020 018 020 000 000 025 026 022 017 017 022 021 030 033 036 036 -99 -99 -99 -99 -99
-99 -99 -99 -99 -99 000 000 000 000 000 000 017 015 015 017 020 019 000 000 000 023 023 020 017 017 019 020 025 024 030 -99 -99 -99 -99 -99 -99
-99 -99 -99 -99 -99 -99 000 000 000 000 000 017 018 017 000 022 020 000 000 023 022 023 023 018 023 024 020 024 027 -99 -99 -99 -99 -99 -99 -99
-99 -99 -99 -99 -99 -99 -99 000 000 000 000 018 018 020 026 023 021 022 000 024 021 024 024 023 025 025 022 -99 -99 -99 -99 -99 -99 -99 -99 -99
-99 -99 -99 -99 -99 -99 -99 000 000 000 022 017 021 026 028 026 022 024 027 025 024 026 -99 -99 025 025 -99 -99 -99 -99 -99 -99 -99 -99 -99 -99
-99 -99 -99 -99 -99 -99 -99 000 000 000 023 018 025 027 028 027 022 023 027 027 025 -99 -99 -99 -99 -99 -99 -99 -99 -99 -99 -99 -99 -99 -99 -99
-99 -99 -99 -99 -99 -99 -99 -99 000 024 -99 -99 -99 026 027 026 022 028 025 026 -99 -99 -99 -99 -99 -99 -99 -99 -99 -99 -99 -99 -99 -99 -99 -99
-99 -99 -99 -99 -99 -99 -99 -99 -99 -99 -99 -99 -99 030 029 027 028 024 024 025 -99 -99 -99 -99 -99 -99 -99 -99 -99 -99 -99 -99 -99 -99 -99 -99
-99 -99 -99 -99 -99 -99 -99 -99 -99 -99 -99 -99 -99 030 032 027 029 025 022 024 -99 -99 -99 -99 -99 -99 -99 -99 -99 -99 -99 -99 -99 -99 -99 -99
-99 -99 -99 -99 -99 -99 -99 -99 -99 -99 -99 -99 -99 -99 028 029 030 023 027 -99 -99 -99 -99 -99 -99 -99 -99 -99 -99 -99 -99 -99 -99 -99 -99 -99
-99 -99 -99 -99 -99 -99 -99 -99 -99 -99 -99 -99 -99 -99 -99 030 -99 -99 -99 -99 -99 -99 -99 -99 -99 -99 -99 -99 -99 -99 -99 -99 -99 -99 -99 -99
