-99 -99 -99 -99 -99 -99 -99 -99 -99 -99 -99 -99 -99 -99 -99 -99 -99 -99 -99 -99 -99 -99 -99 -99 -99 -99 -99 -99 -99 -99 -99 -99 -99 -99 -99 -99
-99 -99 -99 000 -99 -99 -99 -99 -99 -99 -99 -99 -99 -99 -99 -99 -99 -99 -99 -99 -99 -99 -99 -99 -99 -99 -99 -99 -99 -99 -99 -99 -99 -99 -99 -99
-99 -99 000 000 000 000 -99 -99 -99 -99 -99 -99 -99 -99 -99 -99 -99 -99 -99 -99 -99 -99 -99 -99 -99 -99 -99 -99 -99 -99 -99 -99 -99 -99 -99 -99
-99 -99 -99 000 000 000 000 -99 -99 -99 -99 -99 -99 -99 -99 -99 -99 -99 -99 -99 -99 -99 -99 -99 -99 -99 -99 -99 -99 -99 -99 -99 -99 -99 -99 -99
-99 -99 -99 000 000 000 000 000 -99 -99 -99 -99 -99 -99 -99 -99 -99 -99 -99 -99 -99 -99 -99 -99 -99 -99 -99 -99 -99 -99 -99 -99 -99 -99 -99 -99
-99 -99 -99 000 000 000 000 000 000 000 014 -99 -99 -99 -99 -99 -99 -99 -99 -99 -99 -99 -99 -99 -99 -99 -99 -99 -99 -99 -99 -99 -99 -99 -99 -99
-99 000 000 000 000 000 000 000 000 000 010 -99 -99 -99 -99 -99 -99 -99 -99 -99 -99 -99 -99 -99 -99 -99 -99 -99 -99 -99 -99 -99 -99 -99 -99 -99
-99 000 000 000 000 000 000 000 000 000 000 -99 -99 -99 -99 -99 -99 -99 -99 -99 -99 -99 -99 -99 -99 -99 -99 -99 -99 -99 -99 -99 -99 -99 -99 -99
-99 -99 000 000 000 000 000 000 000 000 000 -99 -99 -99 -99 -99 -99 -99 -99 -99 -99 -99 -99 -99 -99 -99 -99 -99 -99 -99 -99 -99 -99 -99 -99 -99
-99 -99 -99 000 000 000 000 000 000 000 000 000 -99 -99 -99 -99 -99 -99 -99 -99 -99 -99 -99 -99 -99 -99 -99 -99 -99 -99 -99 -99 -99 -99 -99 -99
-99 -99 -99 -99 000 000 000 000 000 000 000 000 000 000 035 038 040 -99 -99 -99 -99 -99 -99 -99 -99 -99 -99 -99 -99 -99 -99 -99 -99 -99 -99 -99
-99 -99 -99 -99 000 000 000 000 000 000 000 000 000 000 035 038 042 039 -99 -99 -99 -99 -99 -99 -99 -99 -99 -99 -99 -99 -99 -99 -99 -99 -99 -99
-99 -99 -99 -99 000 000 000 000 000 000 000 000 000 000 034 039 038 042 038 -99 -99 -99 -99 -99 -99 -99 -99 -99 -99 -99 -99 -99 -99 -99 -99 -99
-99 -99 -99 -99 000 000 000 000 000 000 000 000 032 032 037 036 038 038 038 036 035 -99 -99 -99 -99 -99 -99 -99 -99 -99 -99 -99 -99 -99 -99 -99
-99 -99 -99 -99 000 000 000 000 000 000 000 027 032 035 039 036 038 039 038 036 036 -99 -99 -99 -99 -99 -99 -99 -99 -99 -99 -99 -99 -99 -99 -99
-99 -99 -99 -99 000 000 000 000 000 000 000 028 034 037 039 039 039 039 038 036 037 033 -99 038 041 041 -99 -99 -99 -99 -99 -99 -99 -99 -99 -99
-99 -99 -99 -99 000 000 000 000 000 018 023 029 035 036 039 041 038 038 035 035 036 032 033 037 037 039 040 -99 -99 -99 -99 -99 -99 -99 -99 -99
-99 -99 -99 000 000 000 000 000 000 018 024 032 036 036 039 037 037 035 032 035 031 031 033 035 036 037 038 039 -99 -99 -99 -99 -99 -99 -99 -99
-99 -99 -99 000 000 000 000 020 000 018 027 035 037 041 036 039 037 036 033 034 029 032 032 034 035 037 037 038 -99 -99 -99 -99 -99 -99 -99 -99
-99 -99 -99 000 000 021 022 022 024 019 025 038 035 036 036 038 036 034 033 033 029 034 034 038 036 032 037 038 038 -99 -99 031 -99 -99 -99 -99
-99 -99 -99 -99 000 021 022 023 021 022 026 035 034 036 035 035 034 032 033 000 033 032 033 036 035 034 037 039 039 035 035 031 032 -99 -99 -99
-99 -99 -99 -99 022 021 023 023 021 020 026 034 035 035 036 036 032 033 032 000 034 035 034 035 035 036 037 038 038 030 033 030 031 -99 -99 -99
-99 -99 -99 -99 022 021 025 023 021 024 029 032 034 034 035 031 031 033 000 000 035 037 035 037 036 037 038 038 036 032 033 030 028 -99 -99 -99
-99 -99 -99 -99 021 020 025 023 022 026 028 032 033 033 034 034 032 034 000 000 031 035 037 037 036 037 037 035 034 034 033 031 031 030 -99 -99
-99 -99 -99 -99 -99 000 000 023 022 026 027 000 000 035 035 034 034 035 000 000 000 038 038 038 037 039 036 035 032 032 033 032 032 032 030 -99
-99 -99 -99 -99 -99 000 024 024 000 000 000 000 000 037 036 033 036 034 000 000 039 039 038 039 038 039 038 034 034 033 033 033 -99 033 -99 -99
-99 -99 -99 -99 000 000 000 000 000 000 000 000 035 038 036 034 033 033 036 036 039 039 039 039 000 037 036 034 037 035 034 -99 -99 -99 -99 -99
-99 -99 -99 -99 -99 000 000 000 000 000 000 000 035 033 034 033 033 034 036 037 040 038 039 039 036 036 035 036 035 034 -99 -99 -99 -99 -99 -99
-99 -99 -99 -99 -99 -99 000 000 000 000 032 000 032 033 031 033 034 000 032 038 038 037 037 000 034 034 036 036 034 -99 -99 -99 -99 -99 -99 -99
-99 -99 -99 -99 -99 -99 -99 000 000 000 032 000 030 031 031 033 033 000 034 037 036 036 036 000 033 034 037 -99 -99 -99 -99 -99 -99 -99 -99 -99
-99 -99 -99 -99 -99 -99 -99 000 000 000 032 032 029 029 030 030 029 000 035 037 035 035 -99 -99 033 034 -99 -99 -99 -99 -99 -99 -99 -99 -99 -99
-99 -99 -99 -99 -99 -99 -99 000 000 000 031 030 029 031 026 027 000 000 000 033 030 -99 -99 -99 -99 -99 -99 -99 -99 -99 -99 -99 -99 -99 -99 -99
-99 -99 -99 -99 -99 -99 -99 -99 000 000 -99 -99 -99 029 026 026 000 000 027 030 -99 -99 -99 -99 -99 -99 -99 -99 -99 -99 -99 -99 -99 -99 -99 -99
-99 -99 -99 -99 -99 -99 -99 -99 -99 -99 -99 -99 -99 025 025 025 000 000 025 027 -99 -99 -99 -99 -99 -99 -99 -99 -99 -99 -99 -99 -99 -99 -99 -99
-99 -99 -99 -99 -99 -99 -99 -99 -99 -99 -99 -99 -99 024 024 024 000 000 022 025 -99 -99 -99 -99 -99 -99 -99 -99 -99 -99 -99 -99 -99 -99 -99 -99
-99 -99 -99 -99 -99 -99 -99 -99 -99 -99 -99 -99 -99 -99 022 023 000 021 021 -99 -99 -99 -99 -99 -99 -99 -99 -99 -99 -99 -99 -99 -99 -99 -99 -99
-99 -99 -99 -99 -99 -99 -99 -99 -99 -99 -99 -99 -99 -99 -99 021 -99 -99 -99 -99 -99 -99 -99 -99 -99 -99 -99 -99 -99 -99 -99 -99 -99 -99 -99 -99
