-99 -99 -99 -99 -99 -99 -99 -99 -99 -99 -99 -99 -99 -99 -99 -99 -99 -99 -99 -99 -99 -99 -99 -99 -99 -99 -99 -99 -99 -99 -99 -99 -99 -99 -99 -99
-99 -99 -99 000 -99 -99 -99 -99 -99 -99 -99 -99 -99 -99 -99 -99 -99 -99 -99 -99 -99 -99 -99 -99 -99 -99 -99 -99 -99 -99 -99 -99 -99 -99 -99 -99
-99 -99 000 000 000 000 -99 -99 -99 -99 -99 -99 -99 -99 -99 -99 -99 -99 -99 -99 -99 -99 -99 -99 -99 -99 -99 -99 -99 -99 -99 -99 -99 -99 -99 -99
-99 -99 -99 000 000 000 000 -99 -99 -99 -99 -99 -99 -99 -99 -99 -99 -99 -99 -99 -99 -99 -99 -99 -99 -99 -99 -99 -99 -99 -99 -99 -99 -99 -99 -99
-99 -99 -99 000 000 000 000 000 -99 -99 -99 -99 -99 -99 -99 -99 -99 -99 -99 -99 -99 -99 -99 -99 -99 -99 -99 -99 -99 -99 -99 -99 -99 -99 -99 -99
-99 -99 -99 000 000 000 000 000 000 000 000 -99 -99 -99 -99 -99 -99 -99 -99 -99 -99 -99 -99 -99 -99 -99 -99 -99 -99 -99 -99 -99 -99 -99 -99 -99
-99 000 000 000 000 000 000 000 000 000 000 -99 -99 -99 -99 -99 -99 -99 -99 -99 -99 -99 -99 -99 -99 -99 -99 -99 -99 -99 -99 -99 -99 -99 -99 -99
-99 000 000 000 000 000 000 000 000 000 000 -99 -99 -99 -99 -99 -99 -99 -99 -99 -99 -99 -99 -99 -99 -99 -99 -99 -99 -99 -99 -99 -99 -99 -99 -99
-99 -99 000 000 000 000 000 000 000 000 000 -99 -99 -99 -99 -99 -99 -99 -99 -99 -99 -99 -99 -99 -99 -99 -99 -99 -99 -99 -99 -99 -99 -99 -99 -99
-99 -99 -99 000 000 000 000 000 000 000 000 000 -99 -99 -99 -99 -99 -99 -99 -99 -99 -99 -99 -99 -99 -99 -99 -99 -99 -99 -99 -99 -99 -99 -99 -99
-99 -99 -99 -99 000 000 000 000 000 004 009 009 009 016 017 019 019 -99 -99 -99 -99 -99 -99 -99 -99 -99 -99 -99 -99 -99 -99 -99 -99 -99 -99 -99
-99 -99 -99 -99 000 000 000 000 000 006 009 012 009 016 018 020 023 027 -99 -99 -99 -99 -99 -99 -99 -99 -99 -99 -99 -99 -99 -99 -99 -99 -99 -99
-99 -99 -99 -99 000 000 000 000 000 007 010 014 015 020 021 023 029 026 029 -99 -99 -99 -99 -99 -99 -99 -99 -99 -99 -99 -99 -99 -99 -99 -99 -99
-99 -99 -99 -99 000 000 000 000 000 008 016 019 022 026 025 026 027 029 029 027 025 -99 -99 -99 -99 -99 -99 -99 -99 -99 -99 -99 -99 -99 -99 -99
-99 -99 -99 -99 000 000 016 013 006 011 019 022 025 027 026 028 027 029 029 028 027 -99 -99 -99 -99 -99 -99 -99 -99 -99 -99 -99 -99 -99 -99 -99
-99 -99 -99 -99 000 016 016 015 014 014 021 025 025 027 028 030 029 030 029 028 029 031 -99 040 041 042 -99 -99 -99 -99 -99 -99 -99 -99 -99 -99
-99 -99 -99 -99 018 017 016 015 016 019 026 028 027 027 030 031 030 030 000 000 029 030 037 037 037 043 045 -99 -99 -99 -99 -99 -99 -99 -99 -99
-99 -99 -99 000 017 019 019 018 018 022 028 028 028 029 029 028 027 030 000 000 030 030 037 036 037 040 045 045 -99 -99 -99 -99 -99 -99 -99 -99
-99 -99 -99 016 016 020 021 020 022 026 028 027 028 032 030 027 030 031 030 000 032 033 036 036 036 040 040 037 -99 -99 -99 -99 -99 -99 -99 -99
-99 -99 -99 017 017 021 022 023 023 024 028 028 000 029 031 029 030 030 030 000 033 036 035 038 038 000 035 036 033 -99 -99 032 -99 -99 -99 -99
-99 -99 -99 -99 018 022 022 026 028 027 027 000 000 029 031 031 030 029 031 000 032 034 035 035 036 035 035 035 033 034 029 020 015 -99 -99 -99
-99 -99 -99 -99 000 000 000 028 029 028 000 000 000 029 031 031 030 029 029 000 030 033 034 033 035 035 034 034 031 023 020 020 015 -99 -99 -99
-99 -99 -99 -99 000 000 000 000 000 000 000 000 030 028 029 029 029 029 028 000 029 032 034 037 035 037 035 033 028 022 000 000 000 -99 -99 -99
-99 -99 -99 -99 000 000 000 000 000 000 028 000 029 033 029 029 027 028 028 000 029 029 036 037 035 035 031 030 000 020 000 000 000 000 -99 -99
-99 -99 -99 -99 -99 000 000 000 000 027 028 029 030 028 028 026 024 027 000 030 032 036 036 037 035 034 029 028 021 000 000 000 000 000 000 -99
-99 -99 -99 -99 -99 000 000 000 028 027 026 030 031 026 025 025 023 024 000 030 036 039 036 037 034 034 032 026 021 000 000 000 -99 000 -99 -99
-99 -99 -99 -99 000 000 000 000 028 028 028 029 027 024 021 022 022 024 000 000 041 041 036 035 035 032 028 024 021 000 000 -99 -99 -99 -99 -99
-99 -99 -99 -99 -99 000 000 000 026 028 028 028 027 024 024 022 024 000 000 000 042 045 038 036 033 031 027 026 021 024 -99 -99 -99 -99 -99 -99
-99 -99 -99 -99 -99 -99 000 000 024 024 028 028 027 027 000 024 027 036 036 043 042 040 038 036 032 027 023 023 022 -99 -99 -99 -99 -99 -99 -99
-99 -99 -99 -99 -99 -99 -99 025 024 025 028 027 029 026 025 025 034 036 041 042 038 035 035 031 030 026 022 -99 -99 -99 -99 -99 -99 -99 -99 -99
-99 -99 -99 -99 -99 -99 -99 025 000 024 028 026 023 025 026 027 031 037 039 041 039 036 -99 -99 029 027 -99 -99 -99 -99 -99 -99 -99 -99 -99 -99
-99 -99 -99 -99 -99 -99 -99 000 000 000 027 024 022 025 026 028 031 036 038 042 039 -99 -99 -99 -99 -99 -99 -99 -99 -99 -99 -99 -99 -99 -99 -99
-99 -99 -99 -99 -99 -99 -99 -99 000 025 -99 -99 -99 025 024 027 031 033 037 038 -99 -99 -99 -99 -99 -99 -99 -99 -99 -99 -99 -99 -99 -99 -99 -99
-99 -99 -99 -99 -99 -99 -99 -99 -99 -99 -99 -99 -99 024 024 026 029 029 033 036 -99 -99 -99 -99 -99 -99 -99 -99 -99 -99 -99 -99 -99 -99 -99 -99
-99 -99 -99 -99 -99 -99 -99 -99 -99 -99 -99 -99 -99 022 024 023 028 029 031 034 -99 -99 -99 -99 -99 -99 -99 -99 -99 -99 -99 -99 -99 -99 -99 -99
-99 -99 -99 -99 -99 -99 -99 -99 -99 -99 -99 -99 -99 -99 022 026 028 029 028 -99 -99 -99 -99 -99 -99 -99 -99 -99 -99 -99 -99 -99 -99 -99 -99 -99
-99 -99 -99 -99 -99 -99 -99 -99 -99 -99 -99 -99 -99 -99 -99 025 -99 -99 -99 -99 -99 -99 -99 -99 -99 -99 -99 -99 -99 -99 -99 -99 -99 -99 -99 -99
