-99 -99 -99 -99 -99 -99 -99 -99 -99 -99 -99 -99 -99 -99 -99 -99 -99 -99 -99 -99 -99 -99 -99 -99 -99 -99 -99 -99 -99 -99 -99 -99 -99 -99 -99 -99
-99 -99 -99 000 -99 -99 -99 -99 -99 -99 -99 -99 -99 -99 -99 -99 -99 -99 -99 -99 -99 -99 -99 -99 -99 -99 -99 -99 -99 -99 -99 -99 -99 -99 -99 -99
-99 -99 000 000 000 000 -99 -99 -99 -99 -99 -99 -99 -99 -99 -99 -99 -99 -99 -99 -99 -99 -99 -99 -99 -99 -99 -99 -99 -99 -99 -99 -99 -99 -99 -99
-99 -99 -99 000 000 000 000 -99 -99 -99 -99 -99 -99 -99 -99 -99 -99 -99 -99 -99 -99 -99 -99 -99 -99 -99 -99 -99 -99 -99 -99 -99 -99 -99 -99 -99
-99 -99 -99 000 000 000 000 000 -99 -99 -99 -99 -99 -99 -99 -99 -99 -99 -99 -99 -99 -99 -99 -99 -99 -99 -99 -99 -99 -99 -99 -99 -99 -99 -99 -99
-99 -99 -99 000 000 000 000 000 000 000 000 -99 -99 -99 -99 -99 -99 -99 -99 -99 -99 -99 -99 -99 -99 -99 -99 -99 -99 -99 -99 -99 -99 -99 -99 -99
-99 000 000 000 000 000 000 000 000 000 000 -99 -99 -99 -99 -99 -99 -99 -99 -99 -99 -99 -99 -99 -99 -99 -99 -99 -99 -99 -99 -99 -99 -99 -99 -99
-99 000 000 000 000 000 000 000 000 000 000 -99 -99 -99 -99 -99 -99 -99 -99 -99 -99 -99 -99 -99 -99 -99 -99 -99 -99 -99 -99 -99 -99 -99 -99 -99
-99 -99 000 000 000 000 000 000 000 000 000 -99 -99 -99 -99 -99 -99 -99 -99 -99 -99 -99 -99 -99 -99 -99 -99 -99 -99 -99 -99 -99 -99 -99 -99 -99
-99 -99 -99 000 000 000 000 000 000 000 000 000 -99 -99 -99 -99 -99 -99 -99 -99 -99 -99 -99 -99 -99 -99 -99 -99 -99 -99 -99 -99 -99 -99 -99 -99
-99 -99 -99 -99 000 000 000 000 000 000 000 000 000 000 000 000 000 -99 -99 -99 -99 -99 -99 -99 -99 -99 -99 -99 -99 -99 -99 -99 -99 -99 -99 -99
-99 -99 -99 -99 000 000 000 000 000 000 000 000 000 000 000 000 000 000 -99 -99 -99 -99 -99 -99 -99 -99 -99 -99 -99 -99 -99 -99 -99 -99 -99 -99
-99 -99 -99 -99 000 000 000 000 000 000 000 000 000 000 000 000 000 000 000 -99 -99 -99 -99 -99 -99 -99 -99 -99 -99 -99 -99 -99 -99 -99 -99 -99
-99 -99 -99 -99 000 000 000 000 000 000 000 000 000 000 000 000 000 000 000 000 000 -99 -99 -99 -99 -99 -99 -99 -99 -99 -99 -99 -99 -99 -99 -99
-99 -99 -99 -99 000 000 000 000 000 000 000 000 000 000 000 000 000 000 000 000 000 -99 -99 -99 -99 -99 -99 -99 -99 -99 -99 -99 -99 -99 -99 -99
-99 -99 -99 -99 000 000 000 000 000 000 000 000 000 000 000 000 000 000 000 000 000 000 -99 000 000 000 -99 -99 -99 -99 -99 -99 -99 -99 -99 -99
-99 -99 -99 -99 000 000 000 000 000 000 000 000 000 000 000 000 000 000 000 000 000 000 000 000 000 000 000 -99 -99 -99 -99 -99 -99 -99 -99 -99
-99 -99 -99 000 000 000 000 000 000 000 000 000 000 000 000 000 000 000 000 000 000 000 000 000 000 000 000 000 -99 -99 -99 -99 -99 -99 -99 -99
-99 -99 -99 000 000 000 000 000 010 000 000 000 000 000 000 000 016 024 034 044 029 010 000 000 000 000 000 000 -99 -99 -99 -99 -99 -99 -99 -99
-99 -99 -99 000 000 000 000 000 010 000 000 000 000 000 000 000 016 024 036 044 029 010 019 000 000 031 037 000 013 -99 -99 014 -99 -99 -99 -99
-99 -99 -99 -99 000 000 000 000 000 000 000 000 000 000 000 000 000 000 026 052 038 016 015 000 000 031 037 017 013 012 012 013 012 -99 -99 -99
-99 -99 -99 -99 000 000 000 000 000 000 000 000 000 000 000 000 000 025 036 045 034 019 018 000 000 000 000 020 020 012 000 012 012 -99 -99 -99
-99 -99 -99 -99 000 000 000 000 000 000 000 000 000 000 000 000 000 026 040 045 031 021 020 000 000 034 037 000 000 014 016 012 011 -99 -99 -99
-99 -99 -99 -99 000 000 000 000 000 000 000 000 000 000 000 000 000 000 000 000 000 000 000 000 031 034 037 000 014 014 016 012 012 012 -99 -99
-99 -99 -99 -99 -99 000 000 000 000 000 000 000 000 000 000 000 000 000 000 000 000 000 000 000 000 000 000 000 000 000 000 010 010 012 000 -99
-99 -99 -99 -99 -99 000 000 000 000 000 000 000 000 000 000 000 000 000 000 000 000 000 000 000 000 000 000 000 000 000 000 009 -99 000 -99 -99
-99 -99 -99 -99 000 000 000 000 000 000 000 000 000 000 000 000 000 000 000 000 000 000 000 000 000 000 000 000 000 000 000 -99 -99 -99 -99 -99
-99 -99 -99 -99 -99 000 000 000 000 000 000 000 000 000 000 000 000 000 000 000 000 000 000 000 000 000 000 000 000 000 -99 -99 -99 -99 -99 -99
-99 -99 -99 -99 -99 -99 000 000 000 000 000 000 000 000 000 000 000 000 000 000 000 000 000 000 000 000 000 000 000 -99 -99 -99 -99 -99 -99 -99
-99 -99 -99 -99 -99 -99 -99 000 000 000 000 000 000 000 000 000 000 000 000 000 000 000 000 000 000 000 000 -99 -99 -99 -99 -99 -99 -99 -99 -99
-99 -99 -99 -99 -99 -99 -99 000 000 000 000 000 000 000 000 000 000 000 000 000 000 000 -99 -99 000 000 -99 -99 -99 -99 -99 -99 -99 -99 -99 -99
-99 -99 -99 -99 -99 -99 -99 000 000 000 000 000 000 000 000 000 000 000 000 000 000 -99 -99 -99 -99 -99 -99 -99 -99 -99 -99 -99 -99 -99 -99 -99
-99 -99 -99 -99 -99 -99 -99 -99 000 000 -99 -99 -99 000 000 000 000 000 000 000 -99 -99 -99 -99 -99 -99 -99 -99 -99 -99 -99 -99 -99 -99 -99 -99
-99 -99 -99 -99 -99 -99 -99 -99 -99 -99 -99 -99 -99 000 000 000 000 000 000 000 -99 -99 -99 -99 -99 -99 -99 -99 -99 -99 -99 -99 -99 -99 -99 -99
-99 -99 -99 -99 -99 -99 -99 -99 -99 -99 -99 -99 -99 000 000 000 000 000 000 000 -99 -99 -99 -99 -99 -99 -99 -99 -99 -99 -99 -99 -99 -99 -99 -99
-99 -99 -99 -99 -99 -99 -99 -99 -99 -99 -99 -99 -99 -99 000 000 000 000 000 -99 -99 -99 -99 -99 -99 -99 -99 -99 -99 -99 -99 -99 -99 -99 -99 -99
-99 -99 -99 -99 -99 -99 -99 -99 -99 -99 -99 -99 -99 -99 -99 000 -99 -99 -99 -99 -99 -99 -99 -99 -99 -99 -99 -99 -99 -99 -99 -99 -99 -99 -99 -99
