-99 -99 -99 -99 -99 -99 -99 -99 -99 -99 -99 -99 -99 -99 -99 -99 -99 -99 -99 -99 -99 -99 -99 -99 -99 -99 -99 -99 -99 -99 -99 -99 -99 -99 -99 -99
-99 -99 -99 000 -99 -99 -99 -99 -99 -99 -99 -99 -99 -99 -99 -99 -99 -99 -99 -99 -99 -99 -99 -99 -99 -99 -99 -99 -99 -99 -99 -99 -99 -99 -99 -99
-99 -99 018 000 000 000 -99 -99 -99 -99 -99 -99 -99 -99 -99 -99 -99 -99 -99 -99 -99 -99 -99 -99 -99 -99 -99 -99 -99 -99 -99 -99 -99 -99 -99 -99
-99 -99 -99 000 000 000 000 -99 -99 -99 -99 -99 -99 -99 -99 -99 -99 -99 -99 -99 -99 -99 -99 -99 -99 -99 -99 -99 -99 -99 -99 -99 -99 -99 -99 -99
-99 -99 -99 000 019 000 019 000 -99 -99 -99 -99 -99 -99 -99 -99 -99 -99 -99 -99 -99 -99 -99 -99 -99 -99 -99 -99 -99 -99 -99 -99 -99 -99 -99 -99
-99 -99 -99 022 019 000 000 000 000 019 021 -99 -99 -99 -99 -99 -99 -99 -99 -99 -99 -99 -99 -99 -99 -99 -99 -99 -99 -99 -99 -99 -99 -99 -99 -99
-99 026 023 023 000 000 000 000 000 020 018 -99 -99 -99 -99 -99 -99 -99 -99 -99 -99 -99 -99 -99 -99 -99 -99 -99 -99 -99 -99 -99 -99 -99 -99 -99
-99 025 000 000 000 000 000 000 000 018 019 -99 -99 -99 -99 -99 -99 -99 -99 -99 -99 -99 -99 -99 -99 -99 -99 -99 -99 -99 -99 -99 -99 -99 -99 -99
-99 -99 000 000 000 000 000 000 000 017 018 -99 -99 -99 -99 -99 -99 -99 -99 -99 -99 -99 -99 -99 -99 -99 -99 -99 -99 -99 -99 -99 -99 -99 -99 -99
-99 -99 -99 000 000 000 018 018 000 016 016 018 -99 -99 -99 -99 -99 -99 -99 -99 -99 -99 -99 -99 -99 -99 -99 -99 -99 -99 -99 -99 -99 -99 -99 -99
-99 -99 -99 -99 000 000 019 017 014 015 012 016 018 018 017 019 017 -99 -99 -99 -99 -99 -99 -99 -99 -99 -99 -99 -99 -99 -99 -99 -99 -99 -99 -99
-99 -99 -99 -99 000 020 018 017 014 015 010 013 020 020 017 020 018 019 -99 -99 -99 -99 -99 -99 -99 -99 -99 -99 -99 -99 -99 -99 -99 -99 -99 -99
-99 -99 -99 -99 000 020 017 017 014 015 012 012 016 021 020 020 019 020 000 -99 -99 -99 -99 -99 -99 -99 -99 -99 -99 -99 -99 -99 -99 -99 -99 -99
-99 -99 -99 -99 000 022 020 019 013 015 016 014 013 022 021 021 023 023 023 022 015 -99 -99 -99 -99 -99 -99 -99 -99 -99 -99 -99 -99 -99 -99 -99
-99 -99 -99 -99 000 024 022 017 013 013 014 000 017 021 021 022 021 024 024 023 015 -99 -99 -99 -99 -99 -99 -99 -99 -99 -99 -99 -99 -99 -99 -99
-99 -99 -99 -99 000 023 017 019 011 013 013 000 017 020 022 023 022 025 025 025 000 018 -99 020 020 000 -99 -99 -99 -99 -99 -99 -99 -99 -99 -99
-99 -99 -99 -99 026 024 017 017 013 013 013 015 000 000 022 023 025 025 024 024 019 019 019 019 000 000 000 -99 -99 -99 -99 -99 -99 -99 -99 -99
-99 -99 -99 029 026 024 020 018 014 014 014 015 000 000 018 016 015 018 000 000 019 019 018 018 000 000 000 000 -99 -99 -99 -99 -99 -99 -99 -99
-99 -99 -99 026 022 025 022 019 016 013 014 000 000 000 000 009 013 017 000 000 000 018 017 017 000 000 000 000 -99 -99 -99 -99 -99 -99 -99 -99
-99 -99 -99 026 023 025 023 021 016 015 014 000 000 000 000 010 012 017 000 000 000 000 000 000 000 000 000 019 020 -99 -99 034 -99 -99 -99 -99
-99 -99 -99 -99 024 025 025 021 020 016 000 000 000 000 000 012 012 000 000 000 000 000 022 000 000 020 019 019 021 020 023 039 040 -99 -99 -99
-99 -99 -99 -99 000 000 000 022 020 020 000 000 000 000 000 012 015 016 000 000 000 023 028 031 000 020 019 027 030 031 033 042 042 -99 -99 -99
-99 -99 -99 -99 000 000 000 000 000 000 000 000 031 000 017 018 020 020 020 036 028 023 031 023 021 026 026 031 033 032 036 043 048 -99 -99 -99
-99 -99 -99 -99 000 000 000 000 000 000 000 000 032 026 023 022 023 024 026 036 028 029 037 030 022 027 032 035 036 034 039 042 048 045 -99 -99
-99 -99 -99 -99 -99 000 000 000 000 000 000 030 032 029 024 027 029 030 038 039 041 038 039 031 025 032 034 038 040 039 041 041 044 045 043 -99
-99 -99 -99 -99 -99 000 000 000 025 000 027 031 032 029 025 033 043 042 046 044 043 043 042 035 035 041 042 041 041 039 041 040 -99 044 -99 -99
-99 -99 -99 -99 000 000 000 000 025 023 026 030 030 028 028 038 049 047 050 049 045 045 044 043 038 040 040 042 042 040 041 -99 -99 -99 -99 -99
-99 -99 -99 -99 -99 000 000 032 027 025 027 027 027 029 030 045 049 051 052 054 045 047 048 046 037 039 038 040 042 040 -99 -99 -99 -99 -99 -99
-99 -99 -99 -99 -99 -99 034 030 031 030 032 028 031 032 035 042 048 052 051 047 044 050 052 047 042 041 041 040 042 -99 -99 -99 -99 -99 -99 -99
-99 -99 -99 -99 -99 -99 -99 039 039 038 038 039 036 033 037 039 044 044 047 046 044 052 048 044 041 039 042 -99 -99 -99 -99 -99 -99 -99 -99 -99
-99 -99 -99 -99 -99 -99 -99 044 042 043 045 044 037 034 037 043 043 043 044 045 047 048 -99 -99 037 037 -99 -99 -99 -99 -99 -99 -99 -99 -99 -99
-99 -99 -99 -99 -99 -99 -99 049 046 046 048 043 038 035 042 043 041 041 045 046 049 -99 -99 -99 -99 -99 -99 -99 -99 -99 -99 -99 -99 -99 -99 -99
-99 -99 -99 -99 -99 -99 -99 -99 048 050 -99 -99 -99 038 036 041 042 040 038 042 -99 -99 -99 -99 -99 -99 -99 -99 -99 -99 -99 -99 -99 -99 -99 -99
-99 -99 -99 -99 -99 -99 -99 -99 -99 -99 -99 -99 -99 040 033 039 035 033 034 041 -99 -99 -99 -99 -99 -99 -99 -99 -99 -99 -99 -99 -99 -99 -99 -99
-99 -99 -99 -99 -99 -99 -99 -99 -99 -99 -99 -99 -99 038 034 036 035 033 031 034 -99 -99 -99 -99 -99 -99 -99 -99 -99 -99 -99 -99 -99 -99 -99 -99
-99 -99 -99 -99 -99 -99 -99 -99 -99 -99 -99 -99 -99 -99 028 033 033 032 033 -99 -99 -99 -99 -99 -99 -99 -99 -99 -99 -99 -99 -99 -99 -99 -99 -99
-99 -99 -99 -99 -99 -99 -99 -99 -99 -99 -99 -99 -99 -99 -99 029 -99 -99 -99 -99 -99 -99 -99 -99 -99 -99 -99 -99 -99 -99 -99 -99 -99 -99 -99 -99
