-99 -99 -99 -99 -99 -99 -99 -99 -99 -99 -99 -99 -99 -99 -99 -99 -99 -99 -99 -99 -99 -99 -99 -99 -99 -99 -99 -99 -99 -99 -99 -99 -99 -99 -99 -99
-99 -99 -99 000 -99 -99 -99 -99 -99 -99 -99 -99 -99 -99 -99 -99 -99 -99 -99 -99 -99 -99 -99 -99 -99 -99 -99 -99 -99 -99 -99 -99 -99 -99 -99 -99
-99 -99 000 000 000 000 -99 -99 -99 -99 -99 -99 -99 -99 -99 -99 -99 -99 -99 -99 -99 -99 -99 -99 -99 -99 -99 -99 -99 -99 -99 -99 -99 -99 -99 -99
-99 -99 -99 000 000 000 000 -99 -99 -99 -99 -99 -99 -99 -99 -99 -99 -99 -99 -99 -99 -99 -99 -99 -99 -99 -99 -99 -99 -99 -99 -99 -99 -99 -99 -99
-99 -99 -99 000 000 000 000 000 -99 -99 -99 -99 -99 -99 -99 -99 -99 -99 -99 -99 -99 -99 -99 -99 -99 -99 -99 -99 -99 -99 -99 -99 -99 -99 -99 -99
-99 -99 -99 000 000 000 000 000 000 000 000 -99 -99 -99 -99 -99 -99 -99 -99 -99 -99 -99 -99 -99 -99 -99 -99 -99 -99 -99 -99 -99 -99 -99 -99 -99
-99 000 000 000 000 000 000 000 000 000 006 -99 -99 -99 -99 -99 -99 -99 -99 -99 -99 -99 -99 -99 -99 -99 -99 -99 -99 -99 -99 -99 -99 -99 -99 -99
-99 000 000 000 000 000 000 000 000 000 000 -99 -99 -99 -99 -99 -99 -99 -99 -99 -99 -99 -99 -99 -99 -99 -99 -99 -99 -99 -99 -99 -99 -99 -99 -99
-99 -99 000 000 000 000 000 000 000 000 000 -99 -99 -99 -99 -99 -99 -99 -99 -99 -99 -99 -99 -99 -99 -99 -99 -99 -99 -99 -99 -99 -99 -99 -99 -99
-99 -99 -99 000 000 000 000 000 000 000 000 007 -99 -99 -99 -99 -99 -99 -99 -99 -99 -99 -99 -99 -99 -99 -99 -99 -99 -99 -99 -99 -99 -99 -99 -99
-99 -99 -99 -99 000 000 000 000 000 000 000 000 000 000 000 000 000 -99 -99 -99 -99 -99 -99 -99 -99 -99 -99 -99 -99 -99 -99 -99 -99 -99 -99 -99
-99 -99 -99 -99 000 000 000 000 000 000 000 000 000 000 000 000 000 000 -99 -99 -99 -99 -99 -99 -99 -99 -99 -99 -99 -99 -99 -99 -99 -99 -99 -99
-99 -99 -99 -99 000 000 000 000 000 000 000 000 000 000 000 000 000 000 000 -99 -99 -99 -99 -99 -99 -99 -99 -99 -99 -99 -99 -99 -99 -99 -99 -99
-99 -99 -99 -99 000 000 000 000 000 000 000 000 000 000 000 000 000 000 000 000 000 -99 -99 -99 -99 -99 -99 -99 -99 -99 -99 -99 -99 -99 -99 -99
-99 -99 -99 -99 000 000 000 000 000 000 000 000 000 000 000 000 000 000 000 000 000 -99 -99 -99 -99 -99 -99 -99 -99 -99 -99 -99 -99 -99 -99 -99
-99 -99 -99 -99 000 000 000 000 000 000 000 000 000 000 000 000 000 000 000 000 000 000 -99 008 000 000 -99 -99 -99 -99 -99 -99 -99 -99 -99 -99
-99 -99 -99 -99 000 000 000 000 000 000 000 000 000 000 000 000 000 000 000 000 000 000 008 000 000 000 000 -99 -99 -99 -99 -99 -99 -99 -99 -99
-99 -99 -99 000 000 000 000 000 000 000 000 000 000 000 000 000 007 000 000 000 000 000 008 000 000 000 000 000 -99 -99 -99 -99 -99 -99 -99 -99
-99 -99 -99 000 000 000 000 000 000 000 000 000 000 000 000 000 000 000 000 000 000 000 008 000 000 000 000 000 -99 -99 -99 -99 -99 -99 -99 -99
-99 -99 -99 000 000 000 000 000 000 000 000 000 000 000 000 000 000 000 000 000 000 000 000 000 000 000 000 000 009 -99 -99 009 -99 -99 -99 -99
-99 -99 -99 -99 000 000 000 000 000 000 000 000 000 000 000 000 000 000 000 000 000 000 000 000 000 000 000 000 009 000 000 009 000 -99 -99 -99
-99 -99 -99 -99 000 000 000 000 000 000 000 000 000 000 000 000 000 000 000 000 000 000 000 000 000 000 000 000 010 000 000 000 000 -99 -99 -99
-99 -99 -99 -99 000 000 000 000 000 000 000 000 000 000 000 000 000 000 000 000 000 000 000 000 000 000 000 000 010 000 000 000 000 -99 -99 -99
-99 -99 -99 -99 000 000 000 000 000 000 000 000 000 000 000 000 000 000 000 000 000 000 000 000 000 000 000 000 000 000 000 000 000 000 -99 -99
-99 -99 -99 -99 -99 000 000 000 000 000 000 000 000 000 000 000 000 000 000 000 000 000 000 000 000 000 000 000 000 000 000 000 000 000 000 -99
-99 -99 -99 -99 -99 000 000 000 000 000 000 000 000 000 000 000 000 000 000 000 000 000 000 000 000 000 000 000 000 000 000 000 -99 000 -99 -99
-99 -99 -99 -99 000 000 000 000 000 000 000 000 000 000 000 000 000 000 000 000 000 000 000 000 000 000 000 000 000 000 000 -99 -99 -99 -99 -99
-99 -99 -99 -99 -99 000 000 000 000 000 000 000 000 000 000 000 000 000 000 000 000 000 000 000 000 000 000 000 000 000 -99 -99 -99 -99 -99 -99
-99 -99 -99 -99 -99 -99 000 000 000 000 000 000 000 000 000 000 000 000 000 000 000 000 000 000 000 000 000 000 000 -99 -99 -99 -99 -99 -99 -99
-99 -99 -99 -99 -99 -99 -99 000 000 000 000 000 000 000 000 000 000 000 000 000 000 000 000 000 000 000 000 -99 -99 -99 -99 -99 -99 -99 -99 -99
-99 -99 -99 -99 -99 -99 -99 000 000 000 000 000 000 000 000 000 000 000 000 000 000 011 -99 -99 000 000 -99 -99 -99 -99 -99 -99 -99 -99 -99 -99
-99 -99 -99 -99 -99 -99 -99 000 000 000 000 000 009 000 000 000 000 000 000 000 000 -99 -99 -99 -99 -99 -99 -99 -99 -99 -99 -99 -99 -99 -99 -99
-99 -99 -99 -99 -99 -99 -99 -99 000 000 -99 -99 -99 000 000 000 000 000 000 000 -99 -99 -99 -99 -99 -99 -99 -99 -99 -99 -99 -99 -99 -99 -99 -99
-99 -99 -99 -99 -99 -99 -99 -99 -99 -99 -99 -99 -99 000 000 000 000 000 000 000 -99 -99 -99 -99 -99 -99 -99 -99 -99 -99 -99 -99 -99 -99 -99 -99
-99 -99 -99 -99 -99 -99 -99 -99 -99 -99 -99 -99 -99 000 000 000 000 000 000 000 -99 -99 -99 -99 -99 -99 -99 -99 -99 -99 -99 -99 -99 -99 -99 -99
-99 -99 -99 -99 -99 -99 -99 -99 -99 -99 -99 -99 -99 -99 008 000 000 000 000 -99 -99 -99 -99 -99 -99 -99 -99 -99 -99 -99 -99 -99 -99 -99 -99 -99
-99 -99 -99 -99 -99 -99 -99 -99 -99 -99 -99 -99 -99 -99 -99 000 -99 -99 -99 -99 -99 -99 -99 -99 -99 -99 -99 -99 -99 -99 -99 -99 -99 -99 -99 -99
