-99 -99 -99 -99 -99 -99 -99 -99 -99 -99 -99 -99 -99 -99 -99 -99 -99 -99 -99 -99 -99 -99 -99 -99 -99 -99 -99 -99 -99 -99 -99 -99 -99 -99 -99 -99
-99 -99 -99 000 -99 -99 -99 -99 -99 -99 -99 -99 -99 -99 -99 -99 -99 -99 -99 -99 -99 -99 -99 -99 -99 -99 -99 -99 -99 -99 -99 -99 -99 -99 -99 -99
-99 -99 000 000 000 000 -99 -99 -99 -99 -99 -99 -99 -99 -99 -99 -99 -99 -99 -99 -99 -99 -99 -99 -99 -99 -99 -99 -99 -99 -99 -99 -99 -99 -99 -99
-99 -99 -99 000 000 000 000 -99 -99 -99 -99 -99 -99 -99 -99 -99 -99 -99 -99 -99 -99 -99 -99 -99 -99 -99 -99 -99 -99 -99 -99 -99 -99 -99 -99 -99
-99 -99 -99 000 000 000 000 000 -99 -99 -99 -99 -99 -99 -99 -99 -99 -99 -99 -99 -99 -99 -99 -99 -99 -99 -99 -99 -99 -99 -99 -99 -99 -99 -99 -99
-99 -99 -99 000 000 000 000 000 000 000 022 -99 -99 -99 -99 -99 -99 -99 -99 -99 -99 -99 -99 -99 -99 -99 -99 -99 -99 -99 -99 -99 -99 -99 -99 -99
-99 000 000 000 000 000 000 000 000 021 022 -99 -99 -99 -99 -99 -99 -99 -99 -99 -99 -99 -99 -99 -99 -99 -99 -99 -99 -99 -99 -99 -99 -99 -99 -99
-99 000 000 000 000 000 000 000 000 021 020 -99 -99 -99 -99 -99 -99 -99 -99 -99 -99 -99 -99 -99 -99 -99 -99 -99 -99 -99 -99 -99 -99 -99 -99 -99
-99 -99 000 000 000 000 000 000 000 021 022 -99 -99 -99 -99 -99 -99 -99 -99 -99 -99 -99 -99 -99 -99 -99 -99 -99 -99 -99 -99 -99 -99 -99 -99 -99
-99 -99 -99 000 000 000 000 000 000 021 022 023 -99 -99 -99 -99 -99 -99 -99 -99 -99 -99 -99 -99 -99 -99 -99 -99 -99 -99 -99 -99 -99 -99 -99 -99
-99 -99 -99 -99 000 000 000 000 000 022 021 024 024 025 023 021 020 -99 -99 -99 -99 -99 -99 -99 -99 -99 -99 -99 -99 -99 -99 -99 -99 -99 -99 -99
-99 -99 -99 -99 000 000 000 000 000 022 022 025 026 025 023 021 020 020 -99 -99 -99 -99 -99 -99 -99 -99 -99 -99 -99 -99 -99 -99 -99 -99 -99 -99
-99 -99 -99 -99 000 000 000 000 000 023 024 023 025 026 000 020 000 019 000 -99 -99 -99 -99 -99 -99 -99 -99 -99 -99 -99 -99 -99 -99 -99 -99 -99
-99 -99 -99 -99 000 000 000 000 000 024 025 025 024 000 000 019 018 017 000 000 000 -99 -99 -99 -99 -99 -99 -99 -99 -99 -99 -99 -99 -99 -99 -99
-99 -99 -99 -99 000 000 000 028 028 027 022 025 024 023 000 018 017 017 000 000 000 -99 -99 -99 -99 -99 -99 -99 -99 -99 -99 -99 -99 -99 -99 -99
-99 -99 -99 -99 000 000 028 028 029 027 025 025 024 023 000 018 016 017 000 000 000 024 -99 029 032 045 -99 -99 -99 -99 -99 -99 -99 -99 -99 -99
-99 -99 -99 -99 000 027 028 028 028 028 026 025 023 022 000 019 016 017 000 000 020 025 029 032 040 045 048 -99 -99 -99 -99 -99 -99 -99 -99 -99
-99 -99 -99 000 028 028 027 028 028 027 026 025 023 021 021 018 017 018 000 031 027 028 031 034 043 045 050 052 -99 -99 -99 -99 -99 -99 -99 -99
-99 -99 -99 000 029 029 028 029 029 027 027 025 023 020 020 019 018 019 000 035 033 038 033 037 045 046 051 052 -99 -99 -99 -99 -99 -99 -99 -99
-99 -99 -99 000 029 030 029 030 030 028 028 026 023 000 000 020 020 020 040 038 038 044 049 044 052 051 049 052 052 -99 -99 035 -99 -99 -99 -99
-99 -99 -99 -99 030 031 030 032 031 031 030 028 025 000 000 023 022 031 040 041 046 051 052 054 053 051 049 050 050 044 040 032 032 -99 -99 -99
-99 -99 -99 -99 031 030 030 030 031 031 029 027 000 000 000 024 022 023 000 043 044 050 049 052 054 052 049 046 044 039 035 032 032 -99 -99 -99
-99 -99 -99 -99 031 030 030 028 029 030 029 027 000 000 022 022 026 025 000 043 043 049 047 050 047 044 042 041 041 038 030 031 033 -99 -99 -99
-99 -99 -99 -99 031 031 029 028 029 030 030 000 000 000 025 026 026 026 000 000 040 035 046 041 043 042 038 040 040 037 028 026 027 027 -99 -99
-99 -99 -99 -99 -99 030 029 030 028 030 030 000 000 027 027 029 028 000 000 000 000 031 046 037 042 035 034 031 031 028 026 026 026 028 028 -99
-99 -99 -99 -99 -99 000 030 031 028 000 000 000 000 029 031 029 029 000 000 000 000 000 000 000 000 022 023 032 029 026 025 026 -99 028 -99 -99
-99 -99 -99 -99 000 000 000 000 029 000 000 000 035 031 032 034 000 000 000 000 000 000 000 000 000 024 028 031 027 025 026 -99 -99 -99 -99 -99
-99 -99 -99 -99 -99 000 000 000 000 000 000 040 036 033 037 037 036 000 000 000 000 025 028 000 031 027 028 028 027 027 -99 -99 -99 -99 -99 -99
-99 -99 -99 -99 -99 -99 000 000 000 000 034 040 039 041 041 037 040 000 000 023 023 026 028 036 036 034 032 030 029 -99 -99 -99 -99 -99 -99 -99
-99 -99 -99 -99 -99 -99 -99 000 000 037 034 036 044 045 042 037 043 000 000 023 023 026 031 035 037 034 033 -99 -99 -99 -99 -99 -99 -99 -99 -99
-99 -99 -99 -99 -99 -99 -99 049 046 037 036 038 044 046 044 047 045 000 000 000 023 024 -99 -99 037 035 -99 -99 -99 -99 -99 -99 -99 -99 -99 -99
-99 -99 -99 -99 -99 -99 -99 050 047 043 039 039 044 049 044 045 042 041 000 025 025 -99 -99 -99 -99 -99 -99 -99 -99 -99 -99 -99 -99 -99 -99 -99
-99 -99 -99 -99 -99 -99 -99 -99 049 047 -99 -99 -99 042 042 041 042 041 029 027 -99 -99 -99 -99 -99 -99 -99 -99 -99 -99 -99 -99 -99 -99 -99 -99
-99 -99 -99 -99 -99 -99 -99 -99 -99 -99 -99 -99 -99 038 035 040 040 033 031 027 -99 -99 -99 -99 -99 -99 -99 -99 -99 -99 -99 -99 -99 -99 -99 -99
-99 -99 -99 -99 -99 -99 -99 -99 -99 -99 -99 -99 -99 037 031 034 000 032 030 026 -99 -99 -99 -99 -99 -99 -99 -99 -99 -99 -99 -99 -99 -99 -99 -99
-99 -99 -99 -99 -99 -99 -99 -99 -99 -99 -99 -99 -99 -99 031 034 042 030 027 -99 -99 -99 -99 -99 -99 -99 -99 -99 -99 -99 -99 -99 -99 -99 -99 -99
-99 -99 -99 -99 -99 -99 -99 -99 -99 -99 -99 -99 -99 -99 -99 036 -99 -99 -99 -99 -99 -99 -99 -99 -99 -99 -99 -99 -99 -99 -99 -99 -99 -99 -99 -99
