-99 -99 -99 -99 -99 -99 -99 -99 -99 -99 -99 -99 -99 -99 -99 -99 -99 -99 -99 -99 -99 -99 -99 -99 -99 -99 -99 -99 -99 -99 -99 -99 -99 -99 -99 -99
-99 -99 -99 000 -99 -99 -99 -99 -99 -99 -99 -99 -99 -99 -99 -99 -99 -99 -99 -99 -99 -99 -99 -99 -99 -99 -99 -99 -99 -99 -99 -99 -99 -99 -99 -99
-99 -99 000 000 000 000 -99 -99 -99 -99 -99 -99 -99 -99 -99 -99 -99 -99 -99 -99 -99 -99 -99 -99 -99 -99 -99 -99 -99 -99 -99 -99 -99 -99 -99 -99
-99 -99 -99 000 000 000 000 -99 -99 -99 -99 -99 -99 -99 -99 -99 -99 -99 -99 -99 -99 -99 -99 -99 -99 -99 -99 -99 -99 -99 -99 -99 -99 -99 -99 -99
-99 -99 -99 000 000 000 000 000 -99 -99 -99 -99 -99 -99 -99 -99 -99 -99 -99 -99 -99 -99 -99 -99 -99 -99 -99 -99 -99 -99 -99 -99 -99 -99 -99 -99
-99 -99 -99 000 000 000 000 000 000 011 011 -99 -99 -99 -99 -99 -99 -99 -99 -99 -99 -99 -99 -99 -99 -99 -99 -99 -99 -99 -99 -99 -99 -99 -99 -99
-99 000 000 000 000 000 000 000 000 011 011 -99 -99 -99 -99 -99 -99 -99 -99 -99 -99 -99 -99 -99 -99 -99 -99 -99 -99 -99 -99 -99 -99 -99 -99 -99
-99 000 000 000 000 000 000 000 000 000 011 -99 -99 -99 -99 -99 -99 -99 -99 -99 -99 -99 -99 -99 -99 -99 -99 -99 -99 -99 -99 -99 -99 -99 -99 -99
-99 -99 000 000 000 000 000 000 000 000 012 -99 -99 -99 -99 -99 -99 -99 -99 -99 -99 -99 -99 -99 -99 -99 -99 -99 -99 -99 -99 -99 -99 -99 -99 -99
-99 -99 -99 000 000 000 000 000 000 012 012 012 -99 -99 -99 -99 -99 -99 -99 -99 -99 -99 -99 -99 -99 -99 -99 -99 -99 -99 -99 -99 -99 -99 -99 -99
-99 -99 -99 -99 000 000 000 000 012 011 012 012 011 010 010 010 009 -99 -99 -99 -99 -99 -99 -99 -99 -99 -99 -99 -99 -99 -99 -99 -99 -99 -99 -99
-99 -99 -99 -99 000 000 000 000 012 011 011 011 011 010 011 010 009 009 -99 -99 -99 -99 -99 -99 -99 -99 -99 -99 -99 -99 -99 -99 -99 -99 -99 -99
-99 -99 -99 -99 000 000 000 000 012 011 011 011 010 012 000 009 009 009 000 -99 -99 -99 -99 -99 -99 -99 -99 -99 -99 -99 -99 -99 -99 -99 -99 -99
-99 -99 -99 -99 000 000 000 011 011 011 008 011 012 000 000 008 009 008 010 011 013 -99 -99 -99 -99 -99 -99 -99 -99 -99 -99 -99 -99 -99 -99 -99
-99 -99 -99 -99 000 000 000 011 012 010 010 011 012 000 000 009 008 009 010 011 013 -99 -99 -99 -99 -99 -99 -99 -99 -99 -99 -99 -99 -99 -99 -99
-99 -99 -99 -99 000 011 000 012 011 011 009 011 012 000 000 009 008 010 010 011 012 012 -99 011 012 000 -99 -99 -99 -99 -99 -99 -99 -99 -99 -99
-99 -99 -99 -99 000 012 011 012 011 011 010 011 000 000 000 010 010 010 000 000 000 011 011 011 013 015 000 -99 -99 -99 -99 -99 -99 -99 -99 -99
-99 -99 -99 000 000 012 012 012 011 011 011 011 000 000 010 010 011 012 000 000 000 011 011 011 013 015 000 000 -99 -99 -99 -99 -99 -99 -99 -99
-99 -99 -99 000 012 012 013 010 010 011 011 000 000 000 010 011 010 012 000 000 000 000 000 000 000 000 000 000 -99 -99 -99 -99 -99 -99 -99 -99
-99 -99 -99 000 000 000 012 012 010 010 011 000 000 000 010 010 011 000 000 000 000 000 000 000 000 000 000 000 011 -99 -99 010 -99 -99 -99 -99
-99 -99 -99 -99 000 000 000 012 012 000 000 000 000 000 000 011 011 000 000 000 000 000 000 000 000 000 000 000 010 009 011 010 009 -99 -99 -99
-99 -99 -99 -99 000 000 000 000 000 000 000 000 000 000 000 011 013 000 000 000 000 000 010 000 000 000 000 000 009 010 011 010 009 -99 -99 -99
-99 -99 -99 -99 000 000 000 000 000 000 000 000 000 000 012 013 013 012 000 000 000 000 010 011 000 000 007 013 010 010 011 010 009 -99 -99 -99
-99 -99 -99 -99 000 000 000 000 000 000 000 000 000 011 012 013 012 012 000 000 000 010 011 011 010 009 010 011 010 010 011 010 009 000 -99 -99
-99 -99 -99 -99 -99 000 000 000 000 000 000 000 000 011 011 012 010 000 000 000 011 011 012 009 010 009 010 010 010 009 012 010 009 000 000 -99
-99 -99 -99 -99 -99 000 000 000 000 000 000 000 011 010 011 011 013 011 000 000 012 011 012 009 011 010 009 009 009 009 012 000 -99 000 -99 -99
-99 -99 -99 -99 000 000 000 000 000 000 000 000 011 010 011 011 011 012 000 000 011 010 013 011 013 009 009 009 009 011 011 -99 -99 -99 -99 -99
-99 -99 -99 -99 -99 000 000 000 000 000 000 012 011 011 011 012 012 000 000 000 012 010 010 012 009 009 010 011 010 009 -99 -99 -99 -99 -99 -99
-99 -99 -99 -99 -99 -99 000 000 000 000 000 011 012 012 000 013 013 000 000 012 012 010 009 012 012 012 012 011 010 -99 -99 -99 -99 -99 -99 -99
-99 -99 -99 -99 -99 -99 -99 000 000 000 000 011 009 011 012 012 013 000 000 012 012 011 011 011 012 010 013 -99 -99 -99 -99 -99 -99 -99 -99 -99
-99 -99 -99 -99 -99 -99 -99 000 000 000 000 012 010 011 012 012 010 000 009 012 011 013 -99 -99 010 010 -99 -99 -99 -99 -99 -99 -99 -99 -99 -99
-99 -99 -99 -99 -99 -99 -99 000 000 000 013 011 011 011 011 011 008 010 009 009 011 -99 -99 -99 -99 -99 -99 -99 -99 -99 -99 -99 -99 -99 -99 -99
-99 -99 -99 -99 -99 -99 -99 -99 000 012 -99 -99 -99 009 010 009 009 010 009 010 -99 -99 -99 -99 -99 -99 -99 -99 -99 -99 -99 -99 -99 -99 -99 -99
-99 -99 -99 -99 -99 -99 -99 -99 -99 -99 -99 -99 -99 008 009 010 010 010 009 011 -99 -99 -99 -99 -99 -99 -99 -99 -99 -99 -99 -99 -99 -99 -99 -99
-99 -99 -99 -99 -99 -99 -99 -99 -99 -99 -99 -99 -99 008 008 008 012 011 009 010 -99 -99 -99 -99 -99 -99 -99 -99 -99 -99 -99 -99 -99 -99 -99 -99
-99 -99 -99 -99 -99 -99 -99 -99 -99 -99 -99 -99 -99 -99 009 010 012 010 009 -99 -99 -99 -99 -99 -99 -99 -99 -99 -99 -99 -99 -99 -99 -99 -99 -99
-99 -99 -99 -99 -99 -99 -99 -99 -99 -99 -99 -99 -99 -99 -99 011 -99 -99 -99 -99 -99 -99 -99 -99 -99 -99 -99 -99 -99 -99 -99 -99 -99 -99 -99 -99
