-99 -99 -99 -99 -99 -99 -99 -99 -99 -99 -99 -99 -99 -99 -99 -99 -99 -99 -99 -99 -99 -99 -99 -99 -99 -99 -99 -99 -99 -99 -99 -99 -99 -99 -99 -99
-99 -99 -99 000 -99 -99 -99 -99 -99 -99 -99 -99 -99 -99 -99 -99 -99 -99 -99 -99 -99 -99 -99 -99 -99 -99 -99 -99 -99 -99 -99 -99 -99 -99 -99 -99
-99 -99 000 000 022 020 -99 -99 -99 -99 -99 -99 -99 -99 -99 -99 -99 -99 -99 -99 -99 -99 -99 -99 -99 -99 -99 -99 -99 -99 -99 -99 -99 -99 -99 -99
-99 -99 -99 000 020 000 000 -99 -99 -99 -99 -99 -99 -99 -99 -99 -99 -99 -99 -99 -99 -99 -99 -99 -99 -99 -99 -99 -99 -99 -99 -99 -99 -99 -99 -99
-99 -99 -99 000 000 000 000 000 -99 -99 -99 -99 -99 -99 -99 -99 -99 -99 -99 -99 -99 -99 -99 -99 -99 -99 -99 -99 -99 -99 -99 -99 -99 -99 -99 -99
-99 -99 -99 013 000 000 000 000 000 021 022 -99 -99 -99 -99 -99 -99 -99 -99 -99 -99 -99 -99 -99 -99 -99 -99 -99 -99 -99 -99 -99 -99 -99 -99 -99
-99 000 000 000 000 000 000 000 000 000 020 -99 -99 -99 -99 -99 -99 -99 -99 -99 -99 -99 -99 -99 -99 -99 -99 -99 -99 -99 -99 -99 -99 -99 -99 -99
-99 000 000 000 000 000 000 000 000 018 000 -99 -99 -99 -99 -99 -99 -99 -99 -99 -99 -99 -99 -99 -99 -99 -99 -99 -99 -99 -99 -99 -99 -99 -99 -99
-99 -99 000 000 000 000 000 000 000 017 000 -99 -99 -99 -99 -99 -99 -99 -99 -99 -99 -99 -99 -99 -99 -99 -99 -99 -99 -99 -99 -99 -99 -99 -99 -99
-99 -99 -99 000 000 000 000 000 000 016 013 016 -99 -99 -99 -99 -99 -99 -99 -99 -99 -99 -99 -99 -99 -99 -99 -99 -99 -99 -99 -99 -99 -99 -99 -99
-99 -99 -99 -99 000 000 000 000 014 014 014 016 018 018 018 020 016 -99 -99 -99 -99 -99 -99 -99 -99 -99 -99 -99 -99 -99 -99 -99 -99 -99 -99 -99
-99 -99 -99 -99 000 000 000 014 013 014 015 017 018 017 018 020 014 018 -99 -99 -99 -99 -99 -99 -99 -99 -99 -99 -99 -99 -99 -99 -99 -99 -99 -99
-99 -99 -99 -99 000 000 000 014 013 013 016 018 018 019 017 020 014 015 021 -99 -99 -99 -99 -99 -99 -99 -99 -99 -99 -99 -99 -99 -99 -99 -99 -99
-99 -99 -99 -99 000 000 000 013 014 014 014 018 014 018 000 016 015 016 016 024 027 -99 -99 -99 -99 -99 -99 -99 -99 -99 -99 -99 -99 -99 -99 -99
-99 -99 -99 -99 000 000 015 015 017 012 015 016 016 017 000 016 014 018 017 023 026 -99 -99 -99 -99 -99 -99 -99 -99 -99 -99 -99 -99 -99 -99 -99
-99 -99 -99 -99 000 000 017 017 020 015 015 015 015 015 000 016 015 020 019 022 025 024 -99 020 019 022 -99 -99 -99 -99 -99 -99 -99 -99 -99 -99
-99 -99 -99 -99 000 000 016 016 017 017 013 014 015 015 000 016 018 022 022 000 022 021 025 022 019 023 027 -99 -99 -99 -99 -99 -99 -99 -99 -99
-99 -99 -99 000 000 012 015 014 017 017 013 014 015 000 018 017 020 020 000 000 022 022 024 021 020 022 027 032 -99 -99 -99 -99 -99 -99 -99 -99
-99 -99 -99 000 000 012 013 014 015 015 014 000 000 000 018 021 024 020 000 000 000 023 024 020 019 021 029 032 -99 -99 -99 -99 -99 -99 -99 -99
-99 -99 -99 000 000 000 012 014 014 013 014 000 000 000 019 019 023 021 000 000 000 000 000 000 000 000 030 033 032 -99 -99 029 -99 -99 -99 -99
-99 -99 -99 -99 000 000 000 014 013 014 000 000 000 000 020 019 020 021 000 000 000 000 000 000 000 032 030 034 033 029 032 030 031 -99 -99 -99
-99 -99 -99 -99 000 000 000 000 000 000 000 000 000 019 020 020 019 020 000 000 018 018 023 023 000 032 031 029 029 027 030 031 031 -99 -99 -99
-99 -99 -99 -99 000 000 000 000 000 000 000 000 000 019 018 018 017 017 000 000 017 018 023 025 000 035 031 028 028 029 030 030 032 -99 -99 -99
-99 -99 -99 -99 000 000 000 000 000 000 000 000 000 017 017 018 016 017 000 000 015 016 025 028 031 033 031 028 028 030 029 029 030 034 -99 -99
-99 -99 -99 -99 -99 000 000 000 000 000 000 016 016 016 017 016 014 000 000 018 019 021 025 028 032 031 032 031 027 028 027 028 030 034 000 -99
-99 -99 -99 -99 -99 000 000 000 000 000 000 016 015 015 017 013 017 000 000 018 021 022 026 031 035 029 028 028 027 027 027 028 -99 000 -99 -99
-99 -99 -99 -99 000 000 000 000 000 000 020 017 014 016 016 015 000 000 000 000 023 021 028 032 036 030 028 028 027 026 023 -99 -99 -99 -99 -99
-99 -99 -99 -99 -99 000 000 000 022 022 020 019 016 017 016 015 000 000 000 000 022 022 030 031 036 032 026 025 023 022 -99 -99 -99 -99 -99 -99
-99 -99 -99 -99 -99 -99 000 000 000 022 021 021 017 015 000 000 000 000 000 023 023 024 031 031 029 029 026 023 021 -99 -99 -99 -99 -99 -99 -99
-99 -99 -99 -99 -99 -99 -99 000 000 022 021 018 015 015 000 000 000 000 026 025 025 025 038 030 027 025 024 -99 -99 -99 -99 -99 -99 -99 -99 -99
-99 -99 -99 -99 -99 -99 -99 000 000 000 021 021 015 016 000 014 014 000 026 027 027 026 -99 -99 025 021 -99 -99 -99 -99 -99 -99 -99 -99 -99 -99
-99 -99 -99 -99 -99 -99 -99 000 000 021 022 020 017 017 010 009 009 014 027 027 024 -99 -99 -99 -99 -99 -99 -99 -99 -99 -99 -99 -99 -99 -99 -99
-99 -99 -99 -99 -99 -99 -99 -99 000 019 -99 -99 -99 014 012 010 011 018 029 029 -99 -99 -99 -99 -99 -99 -99 -99 -99 -99 -99 -99 -99 -99 -99 -99
-99 -99 -99 -99 -99 -99 -99 -99 -99 -99 -99 -99 -99 016 015 011 014 018 026 029 -99 -99 -99 -99 -99 -99 -99 -99 -99 -99 -99 -99 -99 -99 -99 -99
-99 -99 -99 -99 -99 -99 -99 -99 -99 -99 -99 -99 -99 019 016 015 017 020 026 025 -99 -99 -99 -99 -99 -99 -99 -99 -99 -99 -99 -99 -99 -99 -99 -99
-99 -99 -99 -99 -99 -99 -99 -99 -99 -99 -99 -99 -99 -99 017 017 020 024 029 -99 -99 -99 -99 -99 -99 -99 -99 -99 -99 -99 -99 -99 -99 -99 -99 -99
-99 -99 -99 -99 -99 -99 -99 -99 -99 -99 -99 -99 -99 -99 -99 018 -99 -99 -99 -99 -99 -99 -99 -99 -99 -99 -99 -99 -99 -99 -99 -99 -99 -99 -99 -99
