-99 -99 -99 -99 -99 -99 -99 -99 -99 -99 -99 -99 -99 -99 -99 -99 -99 -99 -99 -99 -99 -99 -99 -99 -99 -99 -99 -99 -99 -99 -99 -99 -99 -99 -99 -99
-99 -99 -99 020 -99 -99 -99 -99 -99 -99 -99 -99 -99 -99 -99 -99 -99 -99 -99 -99 -99 -99 -99 -99 -99 -99 -99 -99 -99 -99 -99 -99 -99 -99 -99 -99
-99 -99 021 020 019 019 -99 -99 -99 -99 -99 -99 -99 -99 -99 -99 -99 -99 -99 -99 -99 -99 -99 -99 -99 -99 -99 -99 -99 -99 -99 -99 -99 -99 -99 -99
-99 -99 -99 021 021 024 022 -99 -99 -99 -99 -99 -99 -99 -99 -99 -99 -99 -99 -99 -99 -99 -99 -99 -99 -99 -99 -99 -99 -99 -99 -99 -99 -99 -99 -99
-99 -99 -99 021 023 024 024 000 -99 -99 -99 -99 -99 -99 -99 -99 -99 -99 -99 -99 -99 -99 -99 -99 -99 -99 -99 -99 -99 -99 -99 -99 -99 -99 -99 -99
-99 -99 -99 021 000 000 000 000 026 028 027 -99 -99 -99 -99 -99 -99 -99 -99 -99 -99 -99 -99 -99 -99 -99 -99 -99 -99 -99 -99 -99 -99 -99 -99 -99
-99 022 020 020 000 000 000 000 025 026 026 -99 -99 -99 -99 -99 -99 -99 -99 -99 -99 -99 -99 -99 -99 -99 -99 -99 -99 -99 -99 -99 -99 -99 -99 -99
-99 022 000 000 000 000 000 000 000 022 021 -99 -99 -99 -99 -99 -99 -99 -99 -99 -99 -99 -99 -99 -99 -99 -99 -99 -99 -99 -99 -99 -99 -99 -99 -99
-99 -99 000 000 000 000 000 000 000 021 019 -99 -99 -99 -99 -99 -99 -99 -99 -99 -99 -99 -99 -99 -99 -99 -99 -99 -99 -99 -99 -99 -99 -99 -99 -99
-99 -99 -99 000 000 000 000 000 017 019 020 020 -99 -99 -99 -99 -99 -99 -99 -99 -99 -99 -99 -99 -99 -99 -99 -99 -99 -99 -99 -99 -99 -99 -99 -99
-99 -99 -99 -99 000 000 000 000 016 017 020 019 020 020 022 022 021 -99 -99 -99 -99 -99 -99 -99 -99 -99 -99 -99 -99 -99 -99 -99 -99 -99 -99 -99
-99 -99 -99 -99 000 000 000 016 016 016 018 020 022 019 021 022 021 020 -99 -99 -99 -99 -99 -99 -99 -99 -99 -99 -99 -99 -99 -99 -99 -99 -99 -99
-99 -99 -99 -99 000 000 000 016 016 014 018 017 021 020 022 024 020 019 020 -99 -99 -99 -99 -99 -99 -99 -99 -99 -99 -99 -99 -99 -99 -99 -99 -99
-99 -99 -99 -99 000 000 000 015 017 015 017 018 020 018 019 021 023 020 021 014 019 -99 -99 -99 -99 -99 -99 -99 -99 -99 -99 -99 -99 -99 -99 -99
-99 -99 -99 -99 000 000 014 014 012 014 015 015 017 015 019 021 021 020 019 015 019 -99 -99 -99 -99 -99 -99 -99 -99 -99 -99 -99 -99 -99 -99 -99
-99 -99 -99 -99 000 000 015 014 014 015 015 016 016 015 000 019 019 020 018 016 000 015 -99 013 014 015 -99 -99 -99 -99 -99 -99 -99 -99 -99 -99
-99 -99 -99 -99 000 013 013 015 014 015 016 017 016 015 019 018 018 018 018 000 000 015 014 014 018 018 000 -99 -99 -99 -99 -99 -99 -99 -99 -99
-99 -99 -99 011 000 013 013 014 015 016 017 018 000 000 016 017 017 017 000 000 000 015 014 014 018 019 000 019 -99 -99 -99 -99 -99 -99 -99 -99
-99 -99 -99 000 000 013 013 014 016 019 018 000 000 000 016 014 016 016 000 000 000 000 000 000 020 020 000 000 -99 -99 -99 -99 -99 -99 -99 -99
-99 -99 -99 000 000 013 014 016 015 019 019 000 000 000 015 015 015 015 000 000 000 000 000 000 000 000 000 000 016 -99 -99 018 -99 -99 -99 -99
-99 -99 -99 -99 000 000 015 017 019 018 000 000 000 000 015 015 015 014 000 000 000 000 000 000 000 000 000 000 016 016 016 019 022 -99 -99 -99
-99 -99 -99 -99 000 000 000 000 000 000 000 000 000 000 000 014 015 000 000 000 000 000 009 000 000 000 000 007 013 013 015 017 024 -99 -99 -99
-99 -99 -99 -99 000 000 000 000 000 000 000 000 000 000 015 015 015 014 000 000 011 000 009 000 000 008 005 007 012 013 014 016 035 -99 -99 -99
-99 -99 -99 -99 000 000 000 000 000 000 000 000 000 013 013 017 014 014 000 000 011 011 008 008 000 007 007 007 011 012 014 020 023 000 -99 -99
-99 -99 -99 -99 -99 000 000 000 000 000 000 000 000 012 011 016 014 000 000 000 008 008 007 007 000 007 007 008 011 014 018 020 023 000 000 -99
-99 -99 -99 -99 -99 000 000 000 000 000 000 000 000 011 009 013 014 014 000 000 007 007 007 006 000 008 007 010 012 015 018 000 -99 000 -99 -99
-99 -99 -99 -99 000 000 000 000 000 000 000 000 009 010 011 013 014 014 000 000 007 007 003 004 007 009 008 010 014 015 017 -99 -99 -99 -99 -99
-99 -99 -99 -99 -99 000 000 000 000 000 000 008 008 008 009 013 014 000 000 000 006 005 003 004 008 010 009 013 016 017 -99 -99 -99 -99 -99 -99
-99 -99 -99 -99 -99 -99 000 000 000 000 000 000 006 008 000 000 000 000 000 000 006 004 002 004 006 012 014 015 017 -99 -99 -99 -99 -99 -99 -99
-99 -99 -99 -99 -99 -99 -99 000 000 000 000 006 007 008 000 000 000 000 000 000 002 002 000 005 008 015 014 -99 -99 -99 -99 -99 -99 -99 -99 -99
-99 -99 -99 -99 -99 -99 -99 000 000 000 000 005 006 000 000 000 000 000 000 000 002 002 -99 -99 012 017 -99 -99 -99 -99 -99 -99 -99 -99 -99 -99
-99 -99 -99 -99 -99 -99 -99 000 000 000 004 005 004 000 000 000 000 000 000 000 000 -99 -99 -99 -99 -99 -99 -99 -99 -99 -99 -99 -99 -99 -99 -99
-99 -99 -99 -99 -99 -99 -99 -99 000 000 -99 -99 -99 003 000 000 000 000 000 000 -99 -99 -99 -99 -99 -99 -99 -99 -99 -99 -99 -99 -99 -99 -99 -99
-99 -99 -99 -99 -99 -99 -99 -99 -99 -99 -99 -99 -99 002 000 000 000 000 000 000 -99 -99 -99 -99 -99 -99 -99 -99 -99 -99 -99 -99 -99 -99 -99 -99
-99 -99 -99 -99 -99 -99 -99 -99 -99 -99 -99 -99 -99 001 000 000 000 000 000 000 -99 -99 -99 -99 -99 -99 -99 -99 -99 -99 -99 -99 -99 -99 -99 -99
-99 -99 -99 -99 -99 -99 -99 -99 -99 -99 -99 -99 -99 -99 000 000 000 000 000 -99 -99 -99 -99 -99 -99 -99 -99 -99 -99 -99 -99 -99 -99 -99 -99 -99
-99 -99 -99 -99 -99 -99 -99 -99 -99 -99 -99 -99 -99 -99 -99 000 -99 -99 -99 -99 -99 -99 -99 -99 -99 -99 -99 -99 -99 -99 -99 -99 -99 -99 -99 -99
