-99 -99 -99 -99 -99 -99 -99 -99 -99 -99 -99 -99 -99 -99 -99 -99 -99 -99 -99 -99 -99 -99 -99 -99 -99 -99 -99 -99 -99 -99 -99 -99 -99 -99 -99 -99
-99 -99 -99 032 -99 -99 -99 -99 -99 -99 -99 -99 -99 -99 -99 -99 -99 -99 -99 -99 -99 -99 -99 -99 -99 -99 -99 -99 -99 -99 -99 -99 -99 -99 -99 -99
-99 -99 029 035 042 041 -99 -99 -99 -99 -99 -99 -99 -99 -99 -99 -99 -99 -99 -99 -99 -99 -99 -99 -99 -99 -99 -99 -99 -99 -99 -99 -99 -99 -99 -99
-99 -99 -99 035 038 040 042 -99 -99 -99 -99 -99 -99 -99 -99 -99 -99 -99 -99 -99 -99 -99 -99 -99 -99 -99 -99 -99 -99 -99 -99 -99 -99 -99 -99 -99
-99 -99 -99 035 036 036 039 034 -99 -99 -99 -99 -99 -99 -99 -99 -99 -99 -99 -99 -99 -99 -99 -99 -99 -99 -99 -99 -99 -99 -99 -99 -99 -99 -99 -99
-99 -99 -99 035 036 036 036 035 035 039 039 -99 -99 -99 -99 -99 -99 -99 -99 -99 -99 -99 -99 -99 -99 -99 -99 -99 -99 -99 -99 -99 -99 -99 -99 -99
-99 035 033 034 036 036 036 034 038 039 037 -99 -99 -99 -99 -99 -99 -99 -99 -99 -99 -99 -99 -99 -99 -99 -99 -99 -99 -99 -99 -99 -99 -99 -99 -99
-99 034 000 000 000 000 000 038 039 037 035 -99 -99 -99 -99 -99 -99 -99 -99 -99 -99 -99 -99 -99 -99 -99 -99 -99 -99 -99 -99 -99 -99 -99 -99 -99
-99 -99 000 000 000 000 000 038 039 036 036 -99 -99 -99 -99 -99 -99 -99 -99 -99 -99 -99 -99 -99 -99 -99 -99 -99 -99 -99 -99 -99 -99 -99 -99 -99
-99 -99 -99 000 000 035 037 039 038 035 036 029 -99 -99 -99 -99 -99 -99 -99 -99 -99 -99 -99 -99 -99 -99 -99 -99 -99 -99 -99 -99 -99 -99 -99 -99
-99 -99 -99 -99 000 035 037 041 037 035 034 030 029 032 034 035 035 -99 -99 -99 -99 -99 -99 -99 -99 -99 -99 -99 -99 -99 -99 -99 -99 -99 -99 -99
-99 -99 -99 -99 034 035 038 040 035 034 033 030 031 031 034 034 035 037 -99 -99 -99 -99 -99 -99 -99 -99 -99 -99 -99 -99 -99 -99 -99 -99 -99 -99
-99 -99 -99 -99 035 035 040 040 035 032 033 035 034 032 032 034 034 037 037 -99 -99 -99 -99 -99 -99 -99 -99 -99 -99 -99 -99 -99 -99 -99 -99 -99
-99 -99 -99 -99 037 036 039 039 032 033 029 034 039 032 000 033 035 033 033 031 031 -99 -99 -99 -99 -99 -99 -99 -99 -99 -99 -99 -99 -99 -99 -99
-99 -99 -99 -99 035 034 036 041 038 035 029 035 039 033 000 032 033 032 030 030 031 -99 -99 -99 -99 -99 -99 -99 -99 -99 -99 -99 -99 -99 -99 -99
-99 -99 -99 -99 032 032 037 036 037 034 030 033 036 034 000 030 031 031 028 029 000 027 -99 023 000 000 -99 -99 -99 -99 -99 -99 -99 -99 -99 -99
-99 -99 -99 -99 030 031 036 035 032 032 032 030 033 034 000 029 030 030 029 000 000 000 024 000 000 000 000 -99 -99 -99 -99 -99 -99 -99 -99 -99
-99 -99 -99 027 030 033 034 034 029 032 031 030 033 033 028 029 030 029 000 000 000 000 024 000 000 000 000 000 -99 -99 -99 -99 -99 -99 -99 -99
-99 -99 -99 026 031 032 033 032 029 033 030 035 032 000 029 026 027 029 000 000 000 000 000 000 000 000 000 000 -99 -99 -99 -99 -99 -99 -99 -99
-99 -99 -99 028 028 031 032 030 029 034 036 033 000 000 029 027 028 021 000 000 000 000 000 000 000 000 000 000 004 -99 -99 000 -99 -99 -99 -99
-99 -99 -99 -99 029 030 031 028 027 033 035 000 000 030 029 029 029 021 000 000 000 000 000 000 000 000 000 000 004 003 003 000 000 -99 -99 -99
-99 -99 -99 -99 029 030 030 029 031 030 000 000 000 030 030 029 026 022 020 000 000 000 000 000 000 000 000 000 000 003 003 000 000 -99 -99 -99
-99 -99 -99 -99 000 000 000 032 032 032 000 000 000 031 026 025 024 021 020 000 000 000 000 000 000 000 000 000 000 003 000 000 000 -99 -99 -99
-99 -99 -99 -99 000 000 000 032 032 000 000 000 000 026 024 023 022 020 000 000 000 000 000 000 000 000 000 000 000 000 000 000 000 000 -99 -99
-99 -99 -99 -99 -99 000 000 031 032 000 000 023 023 024 024 022 021 020 000 000 000 000 000 000 000 000 000 000 000 000 000 000 000 000 000 -99
-99 -99 -99 -99 -99 000 031 030 031 000 024 023 021 025 021 022 021 019 000 000 000 000 000 000 013 012 011 015 000 000 000 000 -99 000 -99 -99
-99 -99 -99 -99 000 000 030 030 029 026 025 023 023 024 022 020 016 019 000 000 000 000 000 013 013 012 013 015 000 000 000 -99 -99 -99 -99 -99
-99 -99 -99 -99 -99 000 030 028 028 027 025 024 026 019 022 019 016 000 000 000 000 000 015 013 012 012 014 016 000 000 -99 -99 -99 -99 -99 -99
-99 -99 -99 -99 -99 -99 027 028 028 027 024 025 023 020 023 020 000 000 000 000 000 018 016 012 011 016 018 017 021 -99 -99 -99 -99 -99 -99 -99
-99 -99 -99 -99 -99 -99 -99 000 000 027 024 026 019 020 000 019 000 000 000 021 021 018 014 017 017 020 019 -99 -99 -99 -99 -99 -99 -99 -99 -99
-99 -99 -99 -99 -99 -99 -99 000 000 000 024 023 021 023 000 018 018 024 025 021 021 017 -99 -99 021 024 -99 -99 -99 -99 -99 -99 -99 -99 -99 -99
-99 -99 -99 -99 -99 -99 -99 000 000 000 024 023 023 023 020 018 020 024 024 022 023 -99 -99 -99 -99 -99 -99 -99 -99 -99 -99 -99 -99 -99 -99 -99
-99 -99 -99 -99 -99 -99 -99 -99 000 025 -99 -99 -99 024 023 020 022 025 024 024 -99 -99 -99 -99 -99 -99 -99 -99 -99 -99 -99 -99 -99 -99 -99 -99
-99 -99 -99 -99 -99 -99 -99 -99 -99 -99 -99 -99 -99 024 022 026 030 024 025 027 -99 -99 -99 -99 -99 -99 -99 -99 -99 -99 -99 -99 -99 -99 -99 -99
-99 -99 -99 -99 -99 -99 -99 -99 -99 -99 -99 -99 -99 024 023 026 027 025 026 027 -99 -99 -99 -99 -99 -99 -99 -99 -99 -99 -99 -99 -99 -99 -99 -99
-99 -99 -99 -99 -99 -99 -99 -99 -99 -99 -99 -99 -99 -99 024 028 029 025 028 -99 -99 -99 -99 -99 -99 -99 -99 -99 -99 -99 -99 -99 -99 -99 -99 -99
-99 -99 -99 -99 -99 -99 -99 -99 -99 -99 -99 -99 -99 -99 -99 030 -99 -99 -99 -99 -99 -99 -99 -99 -99 -99 -99 -99 -99 -99 -99 -99 -99 -99 -99 -99
