-99 -99 -99 -99 -99 -99 -99 -99 -99 -99 -99 -99 -99 -99 -99 -99 -99 -99 -99 -99 -99 -99 -99 -99 -99 -99 -99 -99 -99 -99 -99 -99 -99 -99 -99 -99
-99 -99 -99 000 -99 -99 -99 -99 -99 -99 -99 -99 -99 -99 -99 -99 -99 -99 -99 -99 -99 -99 -99 -99 -99 -99 -99 -99 -99 -99 -99 -99 -99 -99 -99 -99
-99 -99 000 000 000 000 -99 -99 -99 -99 -99 -99 -99 -99 -99 -99 -99 -99 -99 -99 -99 -99 -99 -99 -99 -99 -99 -99 -99 -99 -99 -99 -99 -99 -99 -99
-99 -99 -99 000 000 000 000 -99 -99 -99 -99 -99 -99 -99 -99 -99 -99 -99 -99 -99 -99 -99 -99 -99 -99 -99 -99 -99 -99 -99 -99 -99 -99 -99 -99 -99
-99 -99 -99 000 000 000 000 000 -99 -99 -99 -99 -99 -99 -99 -99 -99 -99 -99 -99 -99 -99 -99 -99 -99 -99 -99 -99 -99 -99 -99 -99 -99 -99 -99 -99
-99 -99 -99 000 000 000 000 000 000 000 000 -99 -99 -99 -99 -99 -99 -99 -99 -99 -99 -99 -99 -99 -99 -99 -99 -99 -99 -99 -99 -99 -99 -99 -99 -99
-99 000 000 000 000 000 000 000 000 000 000 -99 -99 -99 -99 -99 -99 -99 -99 -99 -99 -99 -99 -99 -99 -99 -99 -99 -99 -99 -99 -99 -99 -99 -99 -99
-99 000 000 000 000 000 000 000 000 000 006 -99 -99 -99 -99 -99 -99 -99 -99 -99 -99 -99 -99 -99 -99 -99 -99 -99 -99 -99 -99 -99 -99 -99 -99 -99
-99 -99 000 000 000 000 000 000 000 000 006 -99 -99 -99 -99 -99 -99 -99 -99 -99 -99 -99 -99 -99 -99 -99 -99 -99 -99 -99 -99 -99 -99 -99 -99 -99
-99 -99 -99 000 000 000 000 000 000 000 000 000 -99 -99 -99 -99 -99 -99 -99 -99 -99 -99 -99 -99 -99 -99 -99 -99 -99 -99 -99 -99 -99 -99 -99 -99
-99 -99 -99 -99 000 000 000 000 000 000 000 000 000 000 000 000 010 -99 -99 -99 -99 -99 -99 -99 -99 -99 -99 -99 -99 -99 -99 -99 -99 -99 -99 -99
-99 -99 -99 -99 000 000 000 000 000 000 000 000 000 000 000 000 000 000 -99 -99 -99 -99 -99 -99 -99 -99 -99 -99 -99 -99 -99 -99 -99 -99 -99 -99
-99 -99 -99 -99 000 000 000 000 000 000 000 000 000 000 000 007 000 000 000 -99 -99 -99 -99 -99 -99 -99 -99 -99 -99 -99 -99 -99 -99 -99 -99 -99
-99 -99 -99 -99 000 000 000 000 000 000 000 000 000 000 000 000 000 000 000 000 000 -99 -99 -99 -99 -99 -99 -99 -99 -99 -99 -99 -99 -99 -99 -99
-99 -99 -99 -99 000 000 000 000 000 000 000 000 000 000 000 006 007 008 000 000 000 -99 -99 -99 -99 -99 -99 -99 -99 -99 -99 -99 -99 -99 -99 -99
-99 -99 -99 -99 000 000 000 000 000 006 000 000 000 000 000 006 007 008 000 000 000 014 -99 013 000 000 -99 -99 -99 -99 -99 -99 -99 -99 -99 -99
-99 -99 -99 -99 000 000 000 000 007 006 000 000 000 000 000 000 007 008 000 000 017 014 010 011 000 000 000 -99 -99 -99 -99 -99 -99 -99 -99 -99
-99 -99 -99 000 000 000 000 000 007 007 000 000 000 000 000 007 007 007 000 000 016 015 009 011 000 000 000 000 -99 -99 -99 -99 -99 -99 -99 -99
-99 -99 -99 000 000 000 000 000 007 000 000 000 000 000 000 000 007 007 000 000 016 013 007 000 000 000 000 000 -99 -99 -99 -99 -99 -99 -99 -99
-99 -99 -99 000 000 000 000 000 000 000 000 000 000 000 000 000 007 000 000 000 014 011 010 000 000 000 000 000 000 -99 -99 000 -99 -99 -99 -99
-99 -99 -99 -99 000 000 000 000 000 000 000 000 000 000 000 000 000 000 000 000 000 000 000 000 000 000 000 000 000 000 000 000 000 -99 -99 -99
-99 -99 -99 -99 000 000 000 000 000 000 000 000 000 000 000 000 000 000 000 000 000 000 000 000 000 000 000 000 000 000 000 000 000 -99 -99 -99
-99 -99 -99 -99 000 000 000 000 009 009 000 000 000 000 000 000 000 000 000 000 000 000 000 000 000 000 000 000 000 000 000 000 000 -99 -99 -99
-99 -99 -99 -99 000 000 000 000 009 000 000 000 000 000 000 000 000 000 000 000 000 000 000 000 000 000 000 000 000 000 010 010 000 000 -99 -99
-99 -99 -99 -99 -99 000 000 000 000 000 000 000 000 000 000 000 000 000 000 000 000 000 000 000 000 000 000 000 000 009 011 010 000 000 000 -99
-99 -99 -99 -99 -99 000 000 000 000 000 000 000 000 000 000 000 000 000 000 000 000 000 000 000 000 000 000 000 000 009 011 000 -99 000 -99 -99
-99 -99 -99 -99 000 000 000 000 000 000 000 000 000 000 000 000 000 000 000 000 000 000 000 000 000 000 000 000 000 000 011 -99 -99 -99 -99 -99
-99 -99 -99 -99 -99 000 000 000 000 000 000 000 000 016 017 013 009 000 000 000 000 000 000 000 000 000 000 000 000 000 -99 -99 -99 -99 -99 -99
-99 -99 -99 -99 -99 -99 000 000 000 036 014 017 000 016 015 009 009 000 000 000 000 016 018 000 000 000 000 000 000 -99 -99 -99 -99 -99 -99 -99
-99 -99 -99 -99 -99 -99 -99 000 042 032 014 000 020 016 010 008 000 000 000 000 013 016 015 000 000 013 013 -99 -99 -99 -99 -99 -99 -99 -99 -99
-99 -99 -99 -99 -99 -99 -99 000 043 028 016 021 018 010 009 000 000 000 000 000 013 014 -99 -99 012 013 -99 -99 -99 -99 -99 -99 -99 -99 -99 -99
-99 -99 -99 -99 -99 -99 -99 000 044 037 018 020 017 000 000 000 000 000 000 000 010 -99 -99 -99 -99 -99 -99 -99 -99 -99 -99 -99 -99 -99 -99 -99
-99 -99 -99 -99 -99 -99 -99 -99 000 000 -99 -99 -99 000 000 000 000 000 000 000 -99 -99 -99 -99 -99 -99 -99 -99 -99 -99 -99 -99 -99 -99 -99 -99
-99 -99 -99 -99 -99 -99 -99 -99 -99 -99 -99 -99 -99 000 000 000 000 000 000 010 -99 -99 -99 -99 -99 -99 -99 -99 -99 -99 -99 -99 -99 -99 -99 -99
-99 -99 -99 -99 -99 -99 -99 -99 -99 -99 -99 -99 -99 000 000 000 000 000 010 012 -99 -99 -99 -99 -99 -99 -99 -99 -99 -99 -99 -99 -99 -99 -99 -99
-99 -99 -99 -99 -99 -99 -99 -99 -99 -99 -99 -99 -99 -99 016 000 000 000 000 -99 -99 -99 -99 -99 -99 -99 -99 -99 -99 -99 -99 -99 -99 -99 -99 -99
-99 -99 -99 -99 -99 -99 -99 -99 -99 -99 -99 -99 -99 -99 -99 000 -99 -99 -99 -99 -99 -99 -99 -99 -99 -99 -99 -99 -99 -99 -99 -99 -99 -99 -99 -99
