-99 -99 -99 -99 -99 -99 -99 -99 -99 -99 -99 -99 -99 -99 -99 -99 -99 -99 -99 -99 -99 -99 -99 -99 -99 -99 -99 -99 -99 -99 -99 -99 -99 -99 -99 -99
-99 -99 -99 031 -99 -99 -99 -99 -99 -99 -99 -99 -99 -99 -99 -99 -99 -99 -99 -99 -99 -99 -99 -99 -99 -99 -99 -99 -99 -99 -99 -99 -99 -99 -99 -99
-99 -99 030 032 030 032 -99 -99 -99 -99 -99 -99 -99 -99 -99 -99 -99 -99 -99 -99 -99 -99 -99 -99 -99 -99 -99 -99 -99 -99 -99 -99 -99 -99 -99 -99
-99 -99 -99 034 030 032 031 -99 -99 -99 -99 -99 -99 -99 -99 -99 -99 -99 -99 -99 -99 -99 -99 -99 -99 -99 -99 -99 -99 -99 -99 -99 -99 -99 -99 -99
-99 -99 -99 033 032 032 030 029 -99 -99 -99 -99 -99 -99 -99 -99 -99 -99 -99 -99 -99 -99 -99 -99 -99 -99 -99 -99 -99 -99 -99 -99 -99 -99 -99 -99
-99 -99 -99 032 032 032 028 028 029 028 029 -99 -99 -99 -99 -99 -99 -99 -99 -99 -99 -99 -99 -99 -99 -99 -99 -99 -99 -99 -99 -99 -99 -99 -99 -99
-99 030 032 032 032 032 030 029 028 027 028 -99 -99 -99 -99 -99 -99 -99 -99 -99 -99 -99 -99 -99 -99 -99 -99 -99 -99 -99 -99 -99 -99 -99 -99 -99
-99 030 034 033 000 000 030 029 000 028 030 -99 -99 -99 -99 -99 -99 -99 -99 -99 -99 -99 -99 -99 -99 -99 -99 -99 -99 -99 -99 -99 -99 -99 -99 -99
-99 -99 032 033 000 000 029 028 000 027 030 -99 -99 -99 -99 -99 -99 -99 -99 -99 -99 -99 -99 -99 -99 -99 -99 -99 -99 -99 -99 -99 -99 -99 -99 -99
-99 -99 -99 000 000 031 028 028 029 028 028 028 -99 -99 -99 -99 -99 -99 -99 -99 -99 -99 -99 -99 -99 -99 -99 -99 -99 -99 -99 -99 -99 -99 -99 -99
-99 -99 -99 -99 000 031 029 029 029 029 029 028 032 031 031 032 028 -99 -99 -99 -99 -99 -99 -99 -99 -99 -99 -99 -99 -99 -99 -99 -99 -99 -99 -99
-99 -99 -99 -99 032 030 031 030 028 027 030 032 030 032 032 033 025 029 -99 -99 -99 -99 -99 -99 -99 -99 -99 -99 -99 -99 -99 -99 -99 -99 -99 -99
-99 -99 -99 -99 031 030 033 030 027 025 029 034 032 030 029 030 025 030 031 -99 -99 -99 -99 -99 -99 -99 -99 -99 -99 -99 -99 -99 -99 -99 -99 -99
-99 -99 -99 -99 030 029 034 030 028 028 029 030 026 032 033 029 028 027 029 029 025 -99 -99 -99 -99 -99 -99 -99 -99 -99 -99 -99 -99 -99 -99 -99
-99 -99 -99 -99 000 029 028 030 030 027 029 030 032 032 033 030 028 027 026 028 025 -99 -99 -99 -99 -99 -99 -99 -99 -99 -99 -99 -99 -99 -99 -99
-99 -99 -99 -99 028 030 028 028 025 027 029 030 032 031 034 031 027 028 023 027 024 024 -99 021 024 022 -99 -99 -99 -99 -99 -99 -99 -99 -99 -99
-99 -99 -99 -99 026 027 027 028 027 028 028 030 030 030 033 032 029 030 028 028 000 023 024 022 023 024 029 -99 -99 -99 -99 -99 -99 -99 -99 -99
-99 -99 -99 025 025 025 027 027 027 028 028 031 029 031 030 030 032 031 029 029 000 024 024 023 024 024 030 032 -99 -99 -99 -99 -99 -99 -99 -99
-99 -99 -99 024 026 026 026 026 026 026 030 033 030 024 030 032 030 032 028 029 000 024 024 024 025 026 033 035 -99 -99 -99 -99 -99 -99 -99 -99
-99 -99 -99 022 023 026 024 025 024 027 027 031 027 028 028 029 029 030 026 000 000 000 000 000 026 000 035 036 029 -99 -99 032 -99 -99 -99 -99
-99 -99 -99 -99 023 025 025 023 023 026 026 000 027 027 027 025 028 025 024 000 029 029 028 027 027 032 034 034 029 028 028 032 031 -99 -99 -99
-99 -99 -99 -99 000 026 026 025 025 024 000 000 000 027 029 024 030 029 027 029 030 029 029 027 027 032 034 029 029 031 028 032 033 -99 -99 -99
-99 -99 -99 -99 000 000 000 027 027 026 000 000 027 028 028 030 032 030 029 032 030 029 030 027 000 026 032 030 030 032 028 034 033 -99 -99 -99
-99 -99 -99 -99 000 000 000 000 026 000 027 000 027 027 026 030 032 031 032 033 030 031 029 025 027 027 031 032 032 034 030 032 030 030 -99 -99
-99 -99 -99 -99 -99 000 000 000 000 000 027 026 026 027 026 028 031 032 033 034 032 033 029 024 027 027 031 031 031 031 031 031 030 031 030 -99
-99 -99 -99 -99 -99 000 000 000 026 000 028 027 027 025 025 027 029 032 033 033 031 029 028 027 028 031 034 031 032 032 030 030 -99 031 -99 -99
-99 -99 -99 -99 000 000 000 000 026 029 028 027 026 025 026 027 031 032 033 033 030 028 031 023 029 030 033 031 033 032 032 -99 -99 -99 -99 -99
-99 -99 -99 -99 -99 000 000 000 026 024 027 025 026 025 027 028 031 032 032 031 030 030 027 027 029 029 032 032 034 032 -99 -99 -99 -99 -99 -99
-99 -99 -99 -99 -99 -99 000 000 024 024 025 024 023 022 029 030 032 032 033 030 029 031 030 032 029 030 029 029 033 -99 -99 -99 -99 -99 -99 -99
-99 -99 -99 -99 -99 -99 -99 000 023 026 024 023 022 023 028 032 034 033 031 031 029 032 030 031 028 032 030 -99 -99 -99 -99 -99 -99 -99 -99 -99
-99 -99 -99 -99 -99 -99 -99 000 000 000 022 021 024 025 027 031 031 033 033 031 030 031 -99 -99 031 034 -99 -99 -99 -99 -99 -99 -99 -99 -99 -99
-99 -99 -99 -99 -99 -99 -99 000 000 000 021 021 024 025 027 029 031 032 033 031 032 -99 -99 -99 -99 -99 -99 -99 -99 -99 -99 -99 -99 -99 -99 -99
-99 -99 -99 -99 -99 -99 -99 -99 000 021 -99 -99 -99 027 028 029 029 031 033 032 -99 -99 -99 -99 -99 -99 -99 -99 -99 -99 -99 -99 -99 -99 -99 -99
-99 -99 -99 -99 -99 -99 -99 -99 -99 -99 -99 -99 -99 025 028 028 034 033 031 032 -99 -99 -99 -99 -99 -99 -99 -99 -99 -99 -99 -99 -99 -99 -99 -99
-99 -99 -99 -99 -99 -99 -99 -99 -99 -99 -99 -99 -99 027 029 028 033 032 031 034 -99 -99 -99 -99 -99 -99 -99 -99 -99 -99 -99 -99 -99 -99 -99 -99
-99 -99 -99 -99 -99 -99 -99 -99 -99 -99 -99 -99 -99 -99 024 030 032 030 031 -99 -99 -99 -99 -99 -99 -99 -99 -99 -99 -99 -99 -99 -99 -99 -99 -99
-99 -99 -99 -99 -99 -99 -99 -99 -99 -99 -99 -99 -99 -99 -99 030 -99 -99 -99 -99 -99 -99 -99 -99 -99 -99 -99 -99 -99 -99 -99 -99 -99 -99 -99 -99
