-99 -99 -99 -99 -99 -99 -99 -99 -99 -99 -99 -99 -99 -99 -99 -99 -99 -99 -99 -99 -99 -99 -99 -99 -99 -99 -99 -99 -99 -99 -99 -99 -99 -99 -99 -99
-99 -99 -99 000 -99 -99 -99 -99 -99 -99 -99 -99 -99 -99 -99 -99 -99 -99 -99 -99 -99 -99 -99 -99 -99 -99 -99 -99 -99 -99 -99 -99 -99 -99 -99 -99
-99 -99 000 000 000 000 -99 -99 -99 -99 -99 -99 -99 -99 -99 -99 -99 -99 -99 -99 -99 -99 -99 -99 -99 -99 -99 -99 -99 -99 -99 -99 -99 -99 -99 -99
-99 -99 -99 000 000 000 000 -99 -99 -99 -99 -99 -99 -99 -99 -99 -99 -99 -99 -99 -99 -99 -99 -99 -99 -99 -99 -99 -99 -99 -99 -99 -99 -99 -99 -99
-99 -99 -99 000 036 000 036 000 -99 -99 -99 -99 -99 -99 -99 -99 -99 -99 -99 -99 -99 -99 -99 -99 -99 -99 -99 -99 -99 -99 -99 -99 -99 -99 -99 -99
-99 -99 -99 000 036 000 000 000 031 032 036 -99 -99 -99 -99 -99 -99 -99 -99 -99 -99 -99 -99 -99 -99 -99 -99 -99 -99 -99 -99 -99 -99 -99 -99 -99
-99 000 000 000 000 000 000 000 035 035 036 -99 -99 -99 -99 -99 -99 -99 -99 -99 -99 -99 -99 -99 -99 -99 -99 -99 -99 -99 -99 -99 -99 -99 -99 -99
-99 000 000 000 000 000 000 035 036 037 040 -99 -99 -99 -99 -99 -99 -99 -99 -99 -99 -99 -99 -99 -99 -99 -99 -99 -99 -99 -99 -99 -99 -99 -99 -99
-99 -99 000 000 000 000 000 035 036 039 040 -99 -99 -99 -99 -99 -99 -99 -99 -99 -99 -99 -99 -99 -99 -99 -99 -99 -99 -99 -99 -99 -99 -99 -99 -99
-99 -99 -99 000 000 000 000 036 036 041 043 046 -99 -99 -99 -99 -99 -99 -99 -99 -99 -99 -99 -99 -99 -99 -99 -99 -99 -99 -99 -99 -99 -99 -99 -99
-99 -99 -99 -99 000 000 000 038 000 042 045 049 046 046 046 047 050 -99 -99 -99 -99 -99 -99 -99 -99 -99 -99 -99 -99 -99 -99 -99 -99 -99 -99 -99
-99 -99 -99 -99 000 000 000 000 000 042 044 050 045 045 047 047 051 046 -99 -99 -99 -99 -99 -99 -99 -99 -99 -99 -99 -99 -99 -99 -99 -99 -99 -99
-99 -99 -99 -99 000 000 000 000 000 043 049 049 046 050 048 050 048 045 043 -99 -99 -99 -99 -99 -99 -99 -99 -99 -99 -99 -99 -99 -99 -99 -99 -99
-99 -99 -99 -99 000 000 000 000 000 043 047 050 047 047 052 052 050 046 044 040 039 -99 -99 -99 -99 -99 -99 -99 -99 -99 -99 -99 -99 -99 -99 -99
-99 -99 -99 -99 000 000 000 000 000 041 045 047 048 048 052 052 052 047 043 038 039 -99 -99 -99 -99 -99 -99 -99 -99 -99 -99 -99 -99 -99 -99 -99
-99 -99 -99 -99 000 000 000 030 034 040 044 045 048 051 051 054 054 048 043 038 039 039 -99 034 000 000 -99 -99 -99 -99 -99 -99 -99 -99 -99 -99
-99 -99 -99 -99 000 030 030 031 033 036 040 042 049 052 052 056 050 047 038 037 035 036 035 034 034 000 000 -99 -99 -99 -99 -99 -99 -99 -99 -99
-99 -99 -99 000 000 029 031 032 033 032 035 038 048 052 056 056 050 046 042 037 036 036 036 034 034 033 000 000 -99 -99 -99 -99 -99 -99 -99 -99
-99 -99 -99 000 033 032 033 036 037 034 032 038 047 055 054 053 049 046 040 037 034 033 036 034 035 033 000 000 -99 -99 -99 -99 -99 -99 -99 -99
-99 -99 -99 035 035 035 036 041 042 042 038 047 052 054 055 054 050 044 039 037 032 030 034 036 034 000 000 020 017 -99 -99 000 -99 -99 -99 -99
-99 -99 -99 -99 039 039 041 045 047 044 046 053 055 054 055 051 051 041 040 038 031 032 033 033 034 033 000 020 020 012 012 013 011 -99 -99 -99
-99 -99 -99 -99 042 045 046 050 050 047 047 053 052 051 055 048 044 039 039 000 031 031 032 031 035 033 000 024 022 017 000 012 012 -99 -99 -99
-99 -99 -99 -99 046 048 048 050 047 047 049 053 050 049 052 047 038 038 000 000 000 030 031 031 030 031 000 024 020 018 017 012 013 -99 -99 -99
-99 -99 -99 -99 048 052 051 049 041 045 045 054 046 045 045 040 036 035 000 000 000 000 000 000 030 031 000 024 019 018 017 013 014 016 -99 -99
-99 -99 -99 -99 -99 056 049 045 040 041 044 052 047 042 042 036 033 033 000 000 000 000 000 030 030 000 000 000 022 022 020 013 014 016 017 -99
-99 -99 -99 -99 -99 054 050 045 041 000 046 000 044 039 038 034 032 000 000 000 000 000 000 030 030 000 000 000 023 021 020 013 -99 017 -99 -99
-99 -99 -99 -99 055 052 049 041 041 000 000 000 035 036 031 031 028 028 000 000 000 000 000 000 000 000 023 000 024 021 021 -99 -99 -99 -99 -99
-99 -99 -99 -99 -99 052 043 041 041 000 000 000 032 031 032 028 027 028 000 000 000 027 029 000 000 000 023 000 021 021 -99 -99 -99 -99 -99 -99
-99 -99 -99 -99 -99 -99 000 000 000 000 000 000 029 029 029 027 027 000 000 000 000 027 029 000 023 023 021 000 021 -99 -99 -99 -99 -99 -99 -99
-99 -99 -99 -99 -99 -99 -99 000 000 000 000 000 026 027 027 027 027 000 000 025 025 027 000 000 022 022 020 -99 -99 -99 -99 -99 -99 -99 -99 -99
-99 -99 -99 -99 -99 -99 -99 000 000 000 024 021 026 025 026 026 026 000 000 025 025 025 -99 -99 022 021 -99 -99 -99 -99 -99 -99 -99 -99 -99 -99
-99 -99 -99 -99 -99 -99 -99 000 000 000 023 021 024 025 026 026 000 000 000 023 022 -99 -99 -99 -99 -99 -99 -99 -99 -99 -99 -99 -99 -99 -99 -99
-99 -99 -99 -99 -99 -99 -99 -99 000 000 -99 -99 -99 025 026 026 000 000 000 023 -99 -99 -99 -99 -99 -99 -99 -99 -99 -99 -99 -99 -99 -99 -99 -99
-99 -99 -99 -99 -99 -99 -99 -99 -99 -99 -99 -99 -99 024 023 025 000 000 024 022 -99 -99 -99 -99 -99 -99 -99 -99 -99 -99 -99 -99 -99 -99 -99 -99
-99 -99 -99 -99 -99 -99 -99 -99 -99 -99 -99 -99 -99 022 022 023 000 000 023 021 -99 -99 -99 -99 -99 -99 -99 -99 -99 -99 -99 -99 -99 -99 -99 -99
-99 -99 -99 -99 -99 -99 -99 -99 -99 -99 -99 -99 -99 -99 022 022 000 026 026 -99 -99 -99 -99 -99 -99 -99 -99 -99 -99 -99 -99 -99 -99 -99 -99 -99
-99 -99 -99 -99 -99 -99 -99 -99 -99 -99 -99 -99 -99 -99 -99 023 -99 -99 -99 -99 -99 -99 -99 -99 -99 -99 -99 -99 -99 -99 -99 -99 -99 -99 -99 -99
