-99 -99 -99 -99 -99 -99 -99 -99 -99 -99 -99 -99 -99 -99 -99 -99 -99 -99 -99 -99 -99 -99 -99 -99 -99 -99 -99 -99 -99 -99 -99 -99 -99 -99 -99 -99
-99 -99 -99 040 -99 -99 -99 -99 -99 -99 -99 -99 -99 -99 -99 -99 -99 -99 -99 -99 -99 -99 -99 -99 -99 -99 -99 -99 -99 -99 -99 -99 -99 -99 -99 -99
-99 -99 042 036 030 030 -99 -99 -99 -99 -99 -99 -99 -99 -99 -99 -99 -99 -99 -99 -99 -99 -99 -99 -99 -99 -99 -99 -99 -99 -99 -99 -99 -99 -99 -99
-99 -99 -99 037 031 032 039 -99 -99 -99 -99 -99 -99 -99 -99 -99 -99 -99 -99 -99 -99 -99 -99 -99 -99 -99 -99 -99 -99 -99 -99 -99 -99 -99 -99 -99
-99 -99 -99 040 033 035 040 043 -99 -99 -99 -99 -99 -99 -99 -99 -99 -99 -99 -99 -99 -99 -99 -99 -99 -99 -99 -99 -99 -99 -99 -99 -99 -99 -99 -99
-99 -99 -99 043 034 036 041 042 047 048 051 -99 -99 -99 -99 -99 -99 -99 -99 -99 -99 -99 -99 -99 -99 -99 -99 -99 -99 -99 -99 -99 -99 -99 -99 -99
-99 048 045 044 036 039 042 043 048 050 048 -99 -99 -99 -99 -99 -99 -99 -99 -99 -99 -99 -99 -99 -99 -99 -99 -99 -99 -99 -99 -99 -99 -99 -99 -99
-99 048 045 045 000 043 043 044 049 050 045 -99 -99 -99 -99 -99 -99 -99 -99 -99 -99 -99 -99 -99 -99 -99 -99 -99 -99 -99 -99 -99 -99 -99 -99 -99
-99 -99 043 000 000 045 046 047 051 048 045 -99 -99 -99 -99 -99 -99 -99 -99 -99 -99 -99 -99 -99 -99 -99 -99 -99 -99 -99 -99 -99 -99 -99 -99 -99
-99 -99 -99 000 000 047 048 050 050 048 046 044 -99 -99 -99 -99 -99 -99 -99 -99 -99 -99 -99 -99 -99 -99 -99 -99 -99 -99 -99 -99 -99 -99 -99 -99
-99 -99 -99 -99 048 049 050 050 048 049 047 045 047 041 036 041 049 -99 -99 -99 -99 -99 -99 -99 -99 -99 -99 -99 -99 -99 -99 -99 -99 -99 -99 -99
-99 -99 -99 -99 048 050 049 049 047 049 046 046 044 042 038 044 050 051 -99 -99 -99 -99 -99 -99 -99 -99 -99 -99 -99 -99 -99 -99 -99 -99 -99 -99
-99 -99 -99 -99 048 050 048 048 046 048 048 045 041 041 039 043 046 051 049 -99 -99 -99 -99 -99 -99 -99 -99 -99 -99 -99 -99 -99 -99 -99 -99 -99
-99 -99 -99 -99 049 046 045 044 044 046 045 039 042 045 042 043 044 050 048 041 038 -99 -99 -99 -99 -99 -99 -99 -99 -99 -99 -99 -99 -99 -99 -99
-99 -99 -99 -99 040 043 043 041 045 046 044 043 046 046 040 044 043 049 047 041 039 -99 -99 -99 -99 -99 -99 -99 -99 -99 -99 -99 -99 -99 -99 -99
-99 -99 -99 -99 047 041 040 039 042 043 044 041 044 045 038 041 043 047 045 041 040 039 -99 036 033 034 -99 -99 -99 -99 -99 -99 -99 -99 -99 -99
-99 -99 -99 -99 044 041 036 038 042 041 040 040 043 044 038 039 044 046 040 038 038 036 037 034 029 029 035 -99 -99 -99 -99 -99 -99 -99 -99 -99
-99 -99 -99 045 042 043 032 032 040 042 041 042 041 043 037 040 041 042 040 039 037 036 035 033 028 028 000 000 -99 -99 -99 -99 -99 -99 -99 -99
-99 -99 -99 043 039 042 028 030 038 043 042 036 037 029 033 039 039 039 039 039 036 035 033 032 027 028 000 000 -99 -99 -99 -99 -99 -99 -99 -99
-99 -99 -99 035 037 035 029 031 039 040 041 035 000 027 032 038 038 037 038 000 000 000 033 000 000 000 000 000 000 -99 -99 000 -99 -99 -99 -99
-99 -99 -99 -99 038 034 030 032 035 042 041 000 000 029 032 036 038 038 037 000 000 000 000 000 000 000 000 000 000 000 000 000 000 -99 -99 -99
-99 -99 -99 -99 037 035 030 034 036 039 040 000 000 030 035 033 035 032 033 000 028 025 023 000 000 000 000 000 000 004 004 000 000 -99 -99 -99
-99 -99 -99 -99 000 000 000 037 037 039 040 000 031 031 032 032 033 032 032 000 027 025 023 000 000 000 008 011 000 006 006 000 000 -99 -99 -99
-99 -99 -99 -99 000 000 000 039 039 039 038 000 032 032 034 033 032 030 030 000 027 025 022 021 000 010 011 013 008 008 008 000 000 000 -99 -99
-99 -99 -99 -99 -99 000 000 039 038 035 038 030 032 033 033 030 029 029 000 028 026 021 021 016 014 010 013 014 014 013 012 000 000 000 000 -99
-99 -99 -99 -99 -99 000 039 039 035 028 026 027 031 032 030 029 025 026 000 028 023 020 019 014 014 011 012 015 015 014 014 000 -99 000 -99 -99
-99 -99 -99 -99 000 000 037 036 032 027 025 026 030 031 034 032 025 025 000 000 020 020 018 016 014 012 013 015 015 016 016 -99 -99 -99 -99 -99
-99 -99 -99 -99 -99 000 036 033 032 027 025 027 030 030 037 027 025 000 000 000 020 019 017 016 014 013 013 015 017 020 -99 -99 -99 -99 -99 -99
-99 -99 -99 -99 -99 -99 034 036 031 028 025 027 030 032 040 027 026 000 000 022 020 020 018 016 015 014 013 016 021 -99 -99 -99 -99 -99 -99 -99
-99 -99 -99 -99 -99 -99 -99 034 032 029 026 026 027 030 028 027 030 030 000 024 020 020 019 016 016 015 015 -99 -99 -99 -99 -99 -99 -99 -99 -99
-99 -99 -99 -99 -99 -99 -99 032 000 000 026 023 026 027 026 027 030 029 024 026 021 018 -99 -99 018 017 -99 -99 -99 -99 -99 -99 -99 -99 -99 -99
-99 -99 -99 -99 -99 -99 -99 000 000 000 026 024 025 026 027 028 030 028 024 024 022 -99 -99 -99 -99 -99 -99 -99 -99 -99 -99 -99 -99 -99 -99 -99
-99 -99 -99 -99 -99 -99 -99 -99 000 028 -99 -99 -99 022 024 025 030 027 022 023 -99 -99 -99 -99 -99 -99 -99 -99 -99 -99 -99 -99 -99 -99 -99 -99
-99 -99 -99 -99 -99 -99 -99 -99 -99 -99 -99 -99 -99 023 023 028 028 023 022 020 -99 -99 -99 -99 -99 -99 -99 -99 -99 -99 -99 -99 -99 -99 -99 -99
-99 -99 -99 -99 -99 -99 -99 -99 -99 -99 -99 -99 -99 023 022 025 025 024 018 019 -99 -99 -99 -99 -99 -99 -99 -99 -99 -99 -99 -99 -99 -99 -99 -99
-99 -99 -99 -99 -99 -99 -99 -99 -99 -99 -99 -99 -99 -99 023 027 027 023 024 -99 -99 -99 -99 -99 -99 -99 -99 -99 -99 -99 -99 -99 -99 -99 -99 -99
-99 -99 -99 -99 -99 -99 -99 -99 -99 -99 -99 -99 -99 -99 -99 027 -99 -99 -99 -99 -99 -99 -99 -99 -99 -99 -99 -99 -99 -99 -99 -99 -99 -99 -99 -99
