-99 -99 -99 -99 -99 -99 -99 -99 -99 -99 -99 -99 -99 -99 -99 -99 -99 -99 -99 -99 -99 -99 -99 -99 -99 -99 -99 -99 -99 -99 -99 -99 -99 -99 -99 -99
-99 -99 -99 000 -99 -99 -99 -99 -99 -99 -99 -99 -99 -99 -99 -99 -99 -99 -99 -99 -99 -99 -99 -99 -99 -99 -99 -99 -99 -99 -99 -99 -99 -99 -99 -99
-99 -99 000 000 000 000 -99 -99 -99 -99 -99 -99 -99 -99 -99 -99 -99 -99 -99 -99 -99 -99 -99 -99 -99 -99 -99 -99 -99 -99 -99 -99 -99 -99 -99 -99
-99 -99 -99 000 000 000 000 -99 -99 -99 -99 -99 -99 -99 -99 -99 -99 -99 -99 -99 -99 -99 -99 -99 -99 -99 -99 -99 -99 -99 -99 -99 -99 -99 -99 -99
-99 -99 -99 000 000 000 000 000 -99 -99 -99 -99 -99 -99 -99 -99 -99 -99 -99 -99 -99 -99 -99 -99 -99 -99 -99 -99 -99 -99 -99 -99 -99 -99 -99 -99
-99 -99 -99 000 000 000 000 000 000 001 000 -99 -99 -99 -99 -99 -99 -99 -99 -99 -99 -99 -99 -99 -99 -99 -99 -99 -99 -99 -99 -99 -99 -99 -99 -99
-99 000 000 000 000 000 000 000 000 000 005 -99 -99 -99 -99 -99 -99 -99 -99 -99 -99 -99 -99 -99 -99 -99 -99 -99 -99 -99 -99 -99 -99 -99 -99 -99
-99 000 000 000 000 000 000 000 000 013 014 -99 -99 -99 -99 -99 -99 -99 -99 -99 -99 -99 -99 -99 -99 -99 -99 -99 -99 -99 -99 -99 -99 -99 -99 -99
-99 -99 000 000 000 000 000 000 000 017 017 -99 -99 -99 -99 -99 -99 -99 -99 -99 -99 -99 -99 -99 -99 -99 -99 -99 -99 -99 -99 -99 -99 -99 -99 -99
-99 -99 -99 000 000 000 000 025 024 022 019 019 -99 -99 -99 -99 -99 -99 -99 -99 -99 -99 -99 -99 -99 -99 -99 -99 -99 -99 -99 -99 -99 -99 -99 -99
-99 -99 -99 -99 000 000 000 023 029 026 021 018 016 000 000 012 012 -99 -99 -99 -99 -99 -99 -99 -99 -99 -99 -99 -99 -99 -99 -99 -99 -99 -99 -99
-99 -99 -99 -99 000 000 021 023 035 030 022 015 017 019 000 015 015 017 -99 -99 -99 -99 -99 -99 -99 -99 -99 -99 -99 -99 -99 -99 -99 -99 -99 -99
-99 -99 -99 -99 000 000 021 025 034 029 022 014 018 019 000 019 018 019 022 -99 -99 -99 -99 -99 -99 -99 -99 -99 -99 -99 -99 -99 -99 -99 -99 -99
-99 -99 -99 -99 000 000 021 026 030 029 022 019 021 020 020 023 021 022 025 021 000 -99 -99 -99 -99 -99 -99 -99 -99 -99 -99 -99 -99 -99 -99 -99
-99 -99 -99 -99 000 013 017 021 028 026 023 017 021 020 021 022 020 020 023 021 000 -99 -99 -99 -99 -99 -99 -99 -99 -99 -99 -99 -99 -99 -99 -99
-99 -99 -99 -99 035 018 015 019 020 023 020 015 020 020 022 022 018 018 021 000 000 019 -99 021 025 026 -99 -99 -99 -99 -99 -99 -99 -99 -99 -99
-99 -99 -99 -99 034 026 016 018 019 018 016 016 018 019 022 021 018 018 000 000 000 000 020 023 028 031 036 -99 -99 -99 -99 -99 -99 -99 -99 -99
-99 -99 -99 047 043 033 022 020 017 016 019 017 017 019 020 018 015 015 000 000 000 000 024 027 032 035 039 041 -99 -99 -99 -99 -99 -99 -99 -99
-99 -99 -99 044 044 031 029 024 018 017 018 019 018 000 000 015 013 015 000 000 000 000 030 032 035 038 042 042 -99 -99 -99 -99 -99 -99 -99 -99
-99 -99 -99 039 038 031 030 026 020 021 025 027 029 017 017 015 014 017 000 000 000 000 032 035 035 037 040 039 036 -99 -99 028 -99 -99 -99 -99
-99 -99 -99 -99 037 031 031 024 025 022 000 000 029 017 017 015 015 017 035 000 000 000 030 032 033 036 036 037 038 032 033 029 024 -99 -99 -99
-99 -99 -99 -99 035 034 000 029 029 029 000 000 000 016 000 017 016 015 000 000 000 000 025 028 031 033 032 030 032 034 037 034 026 -99 -99 -99
-99 -99 -99 -99 000 000 000 031 032 031 000 000 021 016 015 020 017 016 000 000 000 000 024 025 000 037 033 032 035 036 039 036 025 -99 -99 -99
-99 -99 -99 -99 000 000 000 032 032 000 030 000 021 016 018 020 016 016 000 000 000 000 017 020 026 033 033 035 037 039 040 037 000 000 -99 -99
-99 -99 -99 -99 -99 000 000 033 032 034 030 023 019 019 018 019 016 000 000 000 000 000 016 022 027 033 034 037 040 043 035 036 000 000 000 -99
-99 -99 -99 -99 -99 000 032 033 032 034 030 027 018 020 019 017 018 019 000 000 000 010 015 023 024 032 033 039 041 042 036 036 -99 000 -99 -99
-99 -99 -99 -99 000 000 032 032 031 034 029 024 019 023 021 019 021 020 000 000 011 010 009 020 025 032 035 041 042 041 036 -99 -99 -99 -99 -99
-99 -99 -99 -99 -99 000 000 031 029 025 027 021 019 027 025 021 021 000 000 000 010 009 013 022 026 031 037 036 037 036 -99 -99 -99 -99 -99 -99
-99 -99 -99 -99 -99 -99 000 000 026 024 024 021 022 025 000 022 021 000 000 008 009 010 013 024 024 033 037 033 035 -99 -99 -99 -99 -99 -99 -99
-99 -99 -99 -99 -99 -99 -99 000 000 024 021 019 023 025 022 023 021 000 000 008 008 010 014 020 025 032 035 -99 -99 -99 -99 -99 -99 -99 -99 -99
-99 -99 -99 -99 -99 -99 -99 000 000 000 023 022 023 024 022 020 019 000 000 008 007 011 -99 -99 025 030 -99 -99 -99 -99 -99 -99 -99 -99 -99 -99
-99 -99 -99 -99 -99 -99 -99 000 000 000 025 022 024 024 022 021 019 018 000 009 011 -99 -99 -99 -99 -99 -99 -99 -99 -99 -99 -99 -99 -99 -99 -99
-99 -99 -99 -99 -99 -99 -99 -99 000 024 -99 -99 -99 023 025 020 019 018 014 011 -99 -99 -99 -99 -99 -99 -99 -99 -99 -99 -99 -99 -99 -99 -99 -99
-99 -99 -99 -99 -99 -99 -99 -99 -99 -99 -99 -99 -99 026 023 019 018 017 015 013 -99 -99 -99 -99 -99 -99 -99 -99 -99 -99 -99 -99 -99 -99 -99 -99
-99 -99 -99 -99 -99 -99 -99 -99 -99 -99 -99 -99 -99 022 021 020 016 016 015 018 -99 -99 -99 -99 -99 -99 -99 -99 -99 -99 -99 -99 -99 -99 -99 -99
-99 -99 -99 -99 -99 -99 -99 -99 -99 -99 -99 -99 -99 -99 015 017 014 019 024 -99 -99 -99 -99 -99 -99 -99 -99 -99 -99 -99 -99 -99 -99 -99 -99 -99
-99 -99 -99 -99 -99 -99 -99 -99 -99 -99 -99 -99 -99 -99 -99 016 -99 -99 -99 -99 -99 -99 -99 -99 -99 -99 -99 -99 -99 -99 -99 -99 -99 -99 -99 -99
