-99 -99 -99 -99 -99 -99 -99 -99 -99 -99 -99 -99 -99 -99 -99 -99 -99 -99 -99 -99 -99 -99 -99 -99 -99 -99 -99 -99 -99 -99 -99 -99 -99 -99 -99 -99
-99 -99 -99 000 -99 -99 -99 -99 -99 -99 -99 -99 -99 -99 -99 -99 -99 -99 -99 -99 -99 -99 -99 -99 -99 -99 -99 -99 -99 -99 -99 -99 -99 -99 -99 -99
-99 -99 000 000 000 000 -99 -99 -99 -99 -99 -99 -99 -99 -99 -99 -99 -99 -99 -99 -99 -99 -99 -99 -99 -99 -99 -99 -99 -99 -99 -99 -99 -99 -99 -99
-99 -99 -99 000 000 000 000 -99 -99 -99 -99 -99 -99 -99 -99 -99 -99 -99 -99 -99 -99 -99 -99 -99 -99 -99 -99 -99 -99 -99 -99 -99 -99 -99 -99 -99
-99 -99 -99 000 000 000 000 000 -99 -99 -99 -99 -99 -99 -99 -99 -99 -99 -99 -99 -99 -99 -99 -99 -99 -99 -99 -99 -99 -99 -99 -99 -99 -99 -99 -99
-99 -99 -99 000 000 000 000 000 000 008 007 -99 -99 -99 -99 -99 -99 -99 -99 -99 -99 -99 -99 -99 -99 -99 -99 -99 -99 -99 -99 -99 -99 -99 -99 -99
-99 024 000 000 000 000 000 000 000 000 006 -99 -99 -99 -99 -99 -99 -99 -99 -99 -99 -99 -99 -99 -99 -99 -99 -99 -99 -99 -99 -99 -99 -99 -99 -99
-99 000 000 000 000 000 000 000 000 000 000 -99 -99 -99 -99 -99 -99 -99 -99 -99 -99 -99 -99 -99 -99 -99 -99 -99 -99 -99 -99 -99 -99 -99 -99 -99
-99 -99 000 000 000 000 000 000 000 000 000 -99 -99 -99 -99 -99 -99 -99 -99 -99 -99 -99 -99 -99 -99 -99 -99 -99 -99 -99 -99 -99 -99 -99 -99 -99
-99 -99 -99 000 000 000 000 000 000 000 000 000 -99 -99 -99 -99 -99 -99 -99 -99 -99 -99 -99 -99 -99 -99 -99 -99 -99 -99 -99 -99 -99 -99 -99 -99
-99 -99 -99 -99 000 000 000 000 000 000 000 000 000 000 000 000 001 -99 -99 -99 -99 -99 -99 -99 -99 -99 -99 -99 -99 -99 -99 -99 -99 -99 -99 -99
-99 -99 -99 -99 000 000 000 000 000 000 000 000 000 000 000 000 001 001 -99 -99 -99 -99 -99 -99 -99 -99 -99 -99 -99 -99 -99 -99 -99 -99 -99 -99
-99 -99 -99 -99 000 000 000 000 000 000 000 000 000 000 000 000 000 002 000 -99 -99 -99 -99 -99 -99 -99 -99 -99 -99 -99 -99 -99 -99 -99 -99 -99
-99 -99 -99 -99 000 000 000 000 002 002 000 000 000 000 000 002 000 002 000 000 000 -99 -99 -99 -99 -99 -99 -99 -99 -99 -99 -99 -99 -99 -99 -99
-99 -99 -99 -99 000 000 000 000 000 000 000 000 000 000 000 002 003 003 000 000 000 -99 -99 -99 -99 -99 -99 -99 -99 -99 -99 -99 -99 -99 -99 -99
-99 -99 -99 -99 000 000 000 000 002 000 000 000 000 000 000 003 002 006 000 000 000 013 -99 000 036 036 -99 -99 -99 -99 -99 -99 -99 -99 -99 -99
-99 -99 -99 -99 000 000 000 000 002 000 000 000 000 000 000 004 005 008 000 000 000 018 008 000 031 036 018 -99 -99 -99 -99 -99 -99 -99 -99 -99
-99 -99 -99 000 000 000 000 000 000 000 000 000 000 000 000 003 005 005 000 000 000 018 008 000 033 036 018 016 -99 -99 -99 -99 -99 -99 -99 -99
-99 -99 -99 011 013 000 000 000 000 000 000 000 000 000 009 006 009 005 000 000 000 000 000 000 000 000 019 018 -99 -99 -99 -99 -99 -99 -99 -99
-99 -99 -99 000 000 000 000 015 015 000 000 000 000 000 010 010 013 000 000 000 000 000 000 000 000 000 022 022 022 -99 -99 021 -99 -99 -99 -99
-99 -99 -99 -99 000 000 000 015 015 000 000 000 000 016 014 016 016 000 000 000 000 000 000 000 000 023 022 026 025 026 028 023 022 -99 -99 -99
-99 -99 -99 -99 000 000 000 019 019 019 000 000 000 017 017 015 016 000 000 000 000 000 009 000 000 023 022 023 024 027 029 024 024 -99 -99 -99
-99 -99 -99 -99 000 000 000 020 020 020 000 000 000 019 019 017 017 018 000 000 012 000 009 000 000 024 022 024 023 024 028 026 027 -99 -99 -99
-99 -99 -99 -99 000 000 000 000 020 000 000 000 000 021 019 017 019 019 000 000 012 012 009 009 019 021 021 022 021 021 027 028 026 025 -99 -99
-99 -99 -99 -99 -99 000 000 000 000 000 000 021 021 020 019 017 019 019 000 000 012 000 009 008 017 018 018 019 021 024 024 026 027 025 021 -99
-99 -99 -99 -99 -99 000 000 000 031 000 023 021 022 020 020 017 019 019 000 000 012 009 009 010 014 015 013 020 021 023 023 027 -99 000 -99 -99
-99 -99 -99 -99 000 000 000 029 031 032 025 023 022 020 019 018 019 019 000 000 000 009 009 007 014 013 010 020 021 021 025 -99 -99 -99 -99 -99
-99 -99 -99 -99 -99 000 032 029 030 029 025 021 022 022 019 018 018 000 000 000 000 007 007 008 014 012 011 017 020 022 -99 -99 -99 -99 -99 -99
-99 -99 -99 -99 -99 -99 031 029 030 028 023 018 017 017 019 017 017 000 000 000 000 006 006 009 011 008 013 017 019 -99 -99 -99 -99 -99 -99 -99
-99 -99 -99 -99 -99 -99 -99 032 030 030 021 018 011 013 013 014 013 000 000 000 006 005 000 008 010 011 013 -99 -99 -99 -99 -99 -99 -99 -99 -99
-99 -99 -99 -99 -99 -99 -99 032 000 000 014 010 010 009 011 010 008 000 000 000 006 000 -99 -99 012 012 -99 -99 -99 -99 -99 -99 -99 -99 -99 -99
-99 -99 -99 -99 -99 -99 -99 000 000 000 012 010 009 009 008 008 007 000 000 000 000 -99 -99 -99 -99 -99 -99 -99 -99 -99 -99 -99 -99 -99 -99 -99
-99 -99 -99 -99 -99 -99 -99 -99 000 023 -99 -99 -99 009 008 007 000 000 006 006 -99 -99 -99 -99 -99 -99 -99 -99 -99 -99 -99 -99 -99 -99 -99 -99
-99 -99 -99 -99 -99 -99 -99 -99 -99 -99 -99 -99 -99 005 007 006 006 009 007 006 -99 -99 -99 -99 -99 -99 -99 -99 -99 -99 -99 -99 -99 -99 -99 -99
-99 -99 -99 -99 -99 -99 -99 -99 -99 -99 -99 -99 -99 002 006 006 006 007 006 000 -99 -99 -99 -99 -99 -99 -99 -99 -99 -99 -99 -99 -99 -99 -99 -99
-99 -99 -99 -99 -99 -99 -99 -99 -99 -99 -99 -99 -99 -99 000 008 006 008 000 -99 -99 -99 -99 -99 -99 -99 -99 -99 -99 -99 -99 -99 -99 -99 -99 -99
-99 -99 -99 -99 -99 -99 -99 -99 -99 -99 -99 -99 -99 -99 -99 009 -99 -99 -99 -99 -99 -99 -99 -99 -99 -99 -99 -99 -99 -99 -99 -99 -99 -99 -99 -99
