-99 -99 -99 -99 -99 -99 -99 -99 -99 -99 -99 -99 -99 -99 -99 -99 -99 -99 -99 -99 -99 -99 -99 -99 -99 -99 -99 -99 -99 -99 -99 -99 -99 -99 -99 -99
-99 -99 -99 000 -99 -99 -99 -99 -99 -99 -99 -99 -99 -99 -99 -99 -99 -99 -99 -99 -99 -99 -99 -99 -99 -99 -99 -99 -99 -99 -99 -99 -99 -99 -99 -99
-99 -99 000 000 014 024 -99 -99 -99 -99 -99 -99 -99 -99 -99 -99 -99 -99 -99 -99 -99 -99 -99 -99 -99 -99 -99 -99 -99 -99 -99 -99 -99 -99 -99 -99
-99 -99 -99 000 025 024 037 -99 -99 -99 -99 -99 -99 -99 -99 -99 -99 -99 -99 -99 -99 -99 -99 -99 -99 -99 -99 -99 -99 -99 -99 -99 -99 -99 -99 -99
-99 -99 -99 000 032 035 042 048 -99 -99 -99 -99 -99 -99 -99 -99 -99 -99 -99 -99 -99 -99 -99 -99 -99 -99 -99 -99 -99 -99 -99 -99 -99 -99 -99 -99
-99 -99 -99 000 038 040 041 045 050 052 055 -99 -99 -99 -99 -99 -99 -99 -99 -99 -99 -99 -99 -99 -99 -99 -99 -99 -99 -99 -99 -99 -99 -99 -99 -99
-99 022 000 000 040 047 043 047 052 054 052 -99 -99 -99 -99 -99 -99 -99 -99 -99 -99 -99 -99 -99 -99 -99 -99 -99 -99 -99 -99 -99 -99 -99 -99 -99
-99 025 036 042 041 048 045 043 049 056 050 -99 -99 -99 -99 -99 -99 -99 -99 -99 -99 -99 -99 -99 -99 -99 -99 -99 -99 -99 -99 -99 -99 -99 -99 -99
-99 -99 038 044 000 049 047 043 049 056 053 -99 -99 -99 -99 -99 -99 -99 -99 -99 -99 -99 -99 -99 -99 -99 -99 -99 -99 -99 -99 -99 -99 -99 -99 -99
-99 -99 -99 048 050 048 044 045 049 052 052 048 -99 -99 -99 -99 -99 -99 -99 -99 -99 -99 -99 -99 -99 -99 -99 -99 -99 -99 -99 -99 -99 -99 -99 -99
-99 -99 -99 -99 050 047 045 046 050 050 051 049 051 043 042 036 034 -99 -99 -99 -99 -99 -99 -99 -99 -99 -99 -99 -99 -99 -99 -99 -99 -99 -99 -99
-99 -99 -99 -99 050 048 047 048 052 053 051 050 053 044 046 039 037 035 -99 -99 -99 -99 -99 -99 -99 -99 -99 -99 -99 -99 -99 -99 -99 -99 -99 -99
-99 -99 -99 -99 051 049 047 048 054 055 054 049 051 043 045 042 038 035 036 -99 -99 -99 -99 -99 -99 -99 -99 -99 -99 -99 -99 -99 -99 -99 -99 -99
-99 -99 -99 -99 051 054 052 052 058 056 054 049 044 042 042 041 032 036 038 036 035 -99 -99 -99 -99 -99 -99 -99 -99 -99 -99 -99 -99 -99 -99 -99
-99 -99 -99 -99 056 055 054 055 056 056 050 043 045 040 041 038 033 035 037 034 033 -99 -99 -99 -99 -99 -99 -99 -99 -99 -99 -99 -99 -99 -99 -99
-99 -99 -99 -99 057 055 056 056 055 055 050 043 045 040 039 037 033 034 035 032 030 029 -99 029 026 000 -99 -99 -99 -99 -99 -99 -99 -99 -99 -99
-99 -99 -99 -99 054 054 054 054 052 052 044 041 041 037 040 040 033 029 031 030 032 029 028 028 000 000 000 -99 -99 -99 -99 -99 -99 -99 -99 -99
-99 -99 -99 053 056 054 052 052 048 048 044 042 038 036 038 040 032 029 026 000 032 029 028 028 000 000 000 000 -99 -99 -99 -99 -99 -99 -99 -99
-99 -99 -99 055 050 051 049 048 046 045 047 041 042 030 034 037 031 028 025 000 000 029 027 000 000 000 000 000 -99 -99 -99 -99 -99 -99 -99 -99
-99 -99 -99 050 048 049 048 047 045 044 043 042 041 028 030 032 026 025 022 000 000 000 000 000 000 000 000 000 000 -99 -99 000 -99 -99 -99 -99
-99 -99 -99 -99 047 047 047 046 046 043 043 039 039 028 027 024 022 022 022 000 000 000 000 000 000 000 000 000 000 000 000 004 003 -99 -99 -99
-99 -99 -99 -99 046 044 046 043 044 042 043 037 035 027 028 021 020 026 024 000 000 000 000 000 000 000 000 000 000 003 003 004 003 -99 -99 -99
-99 -99 -99 -99 000 041 046 046 041 043 040 035 030 024 019 019 016 023 023 000 000 000 000 000 000 000 005 004 000 003 003 000 000 -99 -99 -99
-99 -99 -99 -99 000 000 000 038 039 041 039 028 027 019 018 015 016 021 023 000 000 000 002 002 000 004 004 004 003 003 003 000 000 000 -99 -99
-99 -99 -99 -99 -99 000 000 036 035 038 035 021 022 018 017 014 015 018 000 000 000 000 002 002 003 004 004 004 000 000 000 000 000 000 000 -99
-99 -99 -99 -99 -99 000 000 031 033 035 029 018 014 016 014 013 014 017 000 000 000 000 000 002 003 000 004 004 000 000 000 000 -99 000 -99 -99
-99 -99 -99 -99 000 000 000 031 030 029 024 017 013 014 012 000 000 017 000 000 000 000 000 000 000 003 004 000 000 000 000 -99 -99 -99 -99 -99
-99 -99 -99 -99 -99 000 000 000 027 025 025 014 011 009 009 000 000 000 000 000 000 000 000 000 003 003 004 000 000 000 -99 -99 -99 -99 -99 -99
-99 -99 -99 -99 -99 -99 000 000 025 025 000 014 005 004 000 000 000 000 000 000 000 000 000 000 000 004 000 000 000 -99 -99 -99 -99 -99 -99 -99
-99 -99 -99 -99 -99 -99 -99 000 000 000 000 008 004 005 000 000 000 000 000 000 000 000 000 000 000 003 000 -99 -99 -99 -99 -99 -99 -99 -99 -99
-99 -99 -99 -99 -99 -99 -99 000 000 000 000 000 004 000 000 000 000 000 000 000 000 000 -99 -99 003 003 -99 -99 -99 -99 -99 -99 -99 -99 -99 -99
-99 -99 -99 -99 -99 -99 -99 000 000 000 000 000 000 000 000 000 000 001 000 000 000 -99 -99 -99 -99 -99 -99 -99 -99 -99 -99 -99 -99 -99 -99 -99
-99 -99 -99 -99 -99 -99 -99 -99 000 000 -99 -99 -99 000 000 000 001 001 000 000 -99 -99 -99 -99 -99 -99 -99 -99 -99 -99 -99 -99 -99 -99 -99 -99
-99 -99 -99 -99 -99 -99 -99 -99 -99 -99 -99 -99 -99 000 000 000 001 000 000 000 -99 -99 -99 -99 -99 -99 -99 -99 -99 -99 -99 -99 -99 -99 -99 -99
-99 -99 -99 -99 -99 -99 -99 -99 -99 -99 -99 -99 -99 000 000 000 001 001 000 000 -99 -99 -99 -99 -99 -99 -99 -99 -99 -99 -99 -99 -99 -99 -99 -99
-99 -99 -99 -99 -99 -99 -99 -99 -99 -99 -99 -99 -99 -99 000 001 001 001 000 -99 -99 -99 -99 -99 -99 -99 -99 -99 -99 -99 -99 -99 -99 -99 -99 -99
-99 -99 -99 -99 -99 -99 -99 -99 -99 -99 -99 -99 -99 -99 -99 000 -99 -99 -99 -99 -99 -99 -99 -99 -99 -99 -99 -99 -99 -99 -99 -99 -99 -99 -99 -99
