-99 -99 -99 -99 -99 -99 -99 -99 -99 -99 -99 -99 -99 -99 -99 -99 -99 -99 -99 -99 -99 -99 -99 -99 -99 -99 -99 -99 -99 -99 -99 -99 -99 -99 -99 -99
-99 -99 -99 022 -99 -99 -99 -99 -99 -99 -99 -99 -99 -99 -99 -99 -99 -99 -99 -99 -99 -99 -99 -99 -99 -99 -99 -99 -99 -99 -99 -99 -99 -99 -99 -99
-99 -99 022 025 029 026 -99 -99 -99 -99 -99 -99 -99 -99 -99 -99 -99 -99 -99 -99 -99 -99 -99 -99 -99 -99 -99 -99 -99 -99 -99 -99 -99 -99 -99 -99
-99 -99 -99 023 025 023 024 -99 -99 -99 -99 -99 -99 -99 -99 -99 -99 -99 -99 -99 -99 -99 -99 -99 -99 -99 -99 -99 -99 -99 -99 -99 -99 -99 -99 -99
-99 -99 -99 022 024 024 023 000 -99 -99 -99 -99 -99 -99 -99 -99 -99 -99 -99 -99 -99 -99 -99 -99 -99 -99 -99 -99 -99 -99 -99 -99 -99 -99 -99 -99
-99 -99 -99 020 024 000 000 000 000 014 014 -99 -99 -99 -99 -99 -99 -99 -99 -99 -99 -99 -99 -99 -99 -99 -99 -99 -99 -99 -99 -99 -99 -99 -99 -99
-99 023 020 021 000 000 000 000 000 015 014 -99 -99 -99 -99 -99 -99 -99 -99 -99 -99 -99 -99 -99 -99 -99 -99 -99 -99 -99 -99 -99 -99 -99 -99 -99
-99 000 000 000 000 000 000 000 000 017 016 -99 -99 -99 -99 -99 -99 -99 -99 -99 -99 -99 -99 -99 -99 -99 -99 -99 -99 -99 -99 -99 -99 -99 -99 -99
-99 -99 000 000 000 000 000 000 000 017 017 -99 -99 -99 -99 -99 -99 -99 -99 -99 -99 -99 -99 -99 -99 -99 -99 -99 -99 -99 -99 -99 -99 -99 -99 -99
-99 -99 -99 000 000 000 000 000 000 016 016 017 -99 -99 -99 -99 -99 -99 -99 -99 -99 -99 -99 -99 -99 -99 -99 -99 -99 -99 -99 -99 -99 -99 -99 -99
-99 -99 -99 -99 000 000 000 017 018 016 015 015 017 018 019 021 026 -99 -99 -99 -99 -99 -99 -99 -99 -99 -99 -99 -99 -99 -99 -99 -99 -99 -99 -99
-99 -99 -99 -99 000 000 000 018 016 016 014 014 017 017 019 020 026 021 -99 -99 -99 -99 -99 -99 -99 -99 -99 -99 -99 -99 -99 -99 -99 -99 -99 -99
-99 -99 -99 -99 000 000 000 018 010 015 015 014 015 015 000 021 017 022 000 -99 -99 -99 -99 -99 -99 -99 -99 -99 -99 -99 -99 -99 -99 -99 -99 -99
-99 -99 -99 -99 000 000 000 015 017 016 015 015 012 015 000 018 020 022 027 026 024 -99 -99 -99 -99 -99 -99 -99 -99 -99 -99 -99 -99 -99 -99 -99
-99 -99 -99 -99 000 000 000 015 015 019 020 012 000 000 000 018 018 023 028 028 023 -99 -99 -99 -99 -99 -99 -99 -99 -99 -99 -99 -99 -99 -99 -99
-99 -99 -99 -99 000 019 018 016 019 019 018 014 000 000 000 018 018 024 030 029 023 020 -99 020 020 000 -99 -99 -99 -99 -99 -99 -99 -99 -99 -99
-99 -99 -99 -99 000 020 019 018 019 019 017 017 000 000 000 000 021 023 030 000 000 020 021 020 019 019 000 -99 -99 -99 -99 -99 -99 -99 -99 -99
-99 -99 -99 000 020 019 019 020 022 021 020 019 000 000 024 024 022 020 000 000 000 020 021 020 019 019 000 017 -99 -99 -99 -99 -99 -99 -99 -99
-99 -99 -99 019 022 019 021 024 028 021 021 020 020 000 029 030 023 023 000 000 000 000 000 000 000 000 000 000 -99 -99 -99 -99 -99 -99 -99 -99
-99 -99 -99 024 024 021 023 027 032 019 020 000 000 000 028 030 025 030 040 000 000 000 000 000 000 000 000 000 015 -99 -99 027 -99 -99 -99 -99
-99 -99 -99 -99 024 000 025 027 025 022 020 000 000 000 028 027 029 038 040 000 000 000 000 000 000 000 026 000 000 012 016 031 033 -99 -99 -99
-99 -99 -99 -99 000 000 000 025 023 022 000 000 000 027 028 025 034 042 042 035 031 035 029 023 000 000 026 024 023 022 024 034 037 -99 -99 -99
-99 -99 -99 -99 000 000 000 024 025 024 000 000 023 027 030 033 041 046 045 036 034 035 029 023 031 030 027 026 024 022 025 036 043 -99 -99 -99
-99 -99 -99 -99 000 000 000 000 024 000 000 000 022 027 035 038 046 047 047 037 038 035 033 033 032 030 030 029 025 023 025 036 041 041 -99 -99
-99 -99 -99 -99 -99 000 000 000 000 000 000 024 022 030 038 045 049 049 047 045 042 037 036 036 033 031 032 031 028 030 032 039 041 040 040 -99
-99 -99 -99 -99 -99 000 000 000 000 000 029 028 024 034 043 051 050 050 050 047 042 041 038 038 033 032 032 030 028 030 031 042 -99 039 -99 -99
-99 -99 -99 -99 000 000 000 000 000 034 033 031 035 039 046 050 049 050 053 052 044 045 036 036 031 031 031 029 028 031 032 -99 -99 -99 -99 -99
-99 -99 -99 -99 -99 000 035 034 032 036 037 039 041 044 047 050 051 054 055 056 051 046 038 037 031 030 029 029 029 029 -99 -99 -99 -99 -99 -99
-99 -99 -99 -99 -99 -99 034 029 034 037 039 042 042 042 046 050 053 055 055 057 052 043 040 037 035 027 023 025 027 -99 -99 -99 -99 -99 -99 -99
-99 -99 -99 -99 -99 -99 -99 034 036 045 042 042 047 043 048 049 051 049 051 053 046 042 038 038 035 029 023 -99 -99 -99 -99 -99 -99 -99 -99 -99
-99 -99 -99 -99 -99 -99 -99 037 039 046 045 043 044 043 047 048 049 047 047 045 040 034 -99 -99 032 032 -99 -99 -99 -99 -99 -99 -99 -99 -99 -99
-99 -99 -99 -99 -99 -99 -99 038 044 045 047 044 042 041 046 046 046 043 042 039 038 -99 -99 -99 -99 -99 -99 -99 -99 -99 -99 -99 -99 -99 -99 -99
-99 -99 -99 -99 -99 -99 -99 -99 045 047 -99 -99 -99 044 042 043 040 037 037 037 -99 -99 -99 -99 -99 -99 -99 -99 -99 -99 -99 -99 -99 -99 -99 -99
-99 -99 -99 -99 -99 -99 -99 -99 -99 -99 -99 -99 -99 044 038 040 035 035 035 031 -99 -99 -99 -99 -99 -99 -99 -99 -99 -99 -99 -99 -99 -99 -99 -99
-99 -99 -99 -99 -99 -99 -99 -99 -99 -99 -99 -99 -99 045 034 031 029 031 033 027 -99 -99 -99 -99 -99 -99 -99 -99 -99 -99 -99 -99 -99 -99 -99 -99
-99 -99 -99 -99 -99 -99 -99 -99 -99 -99 -99 -99 -99 -99 034 026 027 028 026 -99 -99 -99 -99 -99 -99 -99 -99 -99 -99 -99 -99 -99 -99 -99 -99 -99
-99 -99 -99 -99 -99 -99 -99 -99 -99 -99 -99 -99 -99 -99 -99 024 -99 -99 -99 -99 -99 -99 -99 -99 -99 -99 -99 -99 -99 -99 -99 -99 -99 -99 -99 -99
