-99 -99 -99 -99 -99 -99 -99 -99 -99 -99 -99 -99 -99 -99 -99 -99 -99 -99 -99 -99 -99 -99 -99 -99 -99 -99 -99 -99 -99 -99 -99 -99 -99 -99 -99 -99
-99 -99 -99 000 -99 -99 -99 -99 -99 -99 -99 -99 -99 -99 -99 -99 -99 -99 -99 -99 -99 -99 -99 -99 -99 -99 -99 -99 -99 -99 -99 -99 -99 -99 -99 -99
-99 -99 000 000 000 000 -99 -99 -99 -99 -99 -99 -99 -99 -99 -99 -99 -99 -99 -99 -99 -99 -99 -99 -99 -99 -99 -99 -99 -99 -99 -99 -99 -99 -99 -99
-99 -99 -99 000 000 000 000 -99 -99 -99 -99 -99 -99 -99 -99 -99 -99 -99 -99 -99 -99 -99 -99 -99 -99 -99 -99 -99 -99 -99 -99 -99 -99 -99 -99 -99
-99 -99 -99 000 000 000 000 000 -99 -99 -99 -99 -99 -99 -99 -99 -99 -99 -99 -99 -99 -99 -99 -99 -99 -99 -99 -99 -99 -99 -99 -99 -99 -99 -99 -99
-99 -99 -99 000 000 000 000 000 000 000 017 -99 -99 -99 -99 -99 -99 -99 -99 -99 -99 -99 -99 -99 -99 -99 -99 -99 -99 -99 -99 -99 -99 -99 -99 -99
-99 000 000 000 000 000 000 000 000 000 018 -99 -99 -99 -99 -99 -99 -99 -99 -99 -99 -99 -99 -99 -99 -99 -99 -99 -99 -99 -99 -99 -99 -99 -99 -99
-99 000 000 000 000 000 000 000 000 000 018 -99 -99 -99 -99 -99 -99 -99 -99 -99 -99 -99 -99 -99 -99 -99 -99 -99 -99 -99 -99 -99 -99 -99 -99 -99
-99 -99 000 000 000 000 000 000 000 017 018 -99 -99 -99 -99 -99 -99 -99 -99 -99 -99 -99 -99 -99 -99 -99 -99 -99 -99 -99 -99 -99 -99 -99 -99 -99
-99 -99 -99 000 000 000 000 000 000 017 016 017 -99 -99 -99 -99 -99 -99 -99 -99 -99 -99 -99 -99 -99 -99 -99 -99 -99 -99 -99 -99 -99 -99 -99 -99
-99 -99 -99 -99 000 000 000 000 000 000 015 019 020 000 000 022 022 -99 -99 -99 -99 -99 -99 -99 -99 -99 -99 -99 -99 -99 -99 -99 -99 -99 -99 -99
-99 -99 -99 -99 000 000 000 000 000 000 000 021 023 000 000 022 022 000 -99 -99 -99 -99 -99 -99 -99 -99 -99 -99 -99 -99 -99 -99 -99 -99 -99 -99
-99 -99 -99 -99 000 000 000 000 000 000 000 000 023 000 000 022 023 024 000 -99 -99 -99 -99 -99 -99 -99 -99 -99 -99 -99 -99 -99 -99 -99 -99 -99
-99 -99 -99 -99 000 000 000 000 000 000 000 025 024 000 025 025 024 024 000 000 000 -99 -99 -99 -99 -99 -99 -99 -99 -99 -99 -99 -99 -99 -99 -99
-99 -99 -99 -99 000 000 000 000 027 028 000 027 025 024 024 025 024 025 000 000 030 -99 -99 -99 -99 -99 -99 -99 -99 -99 -99 -99 -99 -99 -99 -99
-99 -99 -99 -99 000 000 000 026 029 028 028 026 027 023 024 027 025 026 000 000 030 026 -99 029 000 000 -99 -99 -99 -99 -99 -99 -99 -99 -99 -99
-99 -99 -99 -99 000 000 026 026 027 027 026 025 025 024 026 027 026 026 000 029 029 026 027 030 000 000 000 -99 -99 -99 -99 -99 -99 -99 -99 -99
-99 -99 -99 000 000 000 026 027 027 027 026 025 025 025 025 028 026 025 000 029 028 027 029 029 031 032 033 031 -99 -99 -99 -99 -99 -99 -99 -99
-99 -99 -99 000 000 000 027 027 028 027 026 021 027 029 027 026 024 027 029 030 029 028 029 027 031 032 033 030 -99 -99 -99 -99 -99 -99 -99 -99
-99 -99 -99 000 000 026 027 027 028 026 028 027 030 027 000 026 025 028 029 030 029 027 028 026 032 000 033 028 031 -99 -99 028 -99 -99 -99 -99
-99 -99 -99 -99 030 026 026 028 028 028 030 030 030 027 000 026 026 028 030 030 028 031 028 030 032 034 032 030 032 028 028 027 022 -99 -99 -99
-99 -99 -99 -99 029 027 026 027 027 027 033 030 029 000 000 026 028 028 029 000 029 030 029 030 034 034 031 032 030 027 027 027 023 -99 -99 -99
-99 -99 -99 -99 027 027 028 031 030 030 031 030 000 000 024 023 024 027 000 000 030 028 029 031 036 034 029 032 029 028 030 027 023 -99 -99 -99
-99 -99 -99 -99 027 026 027 026 028 031 031 000 000 000 022 021 024 025 000 000 028 028 029 028 034 033 029 031 030 030 031 026 024 024 -99 -99
-99 -99 -99 -99 -99 027 027 027 028 031 000 000 000 023 022 022 023 000 000 000 000 000 029 028 031 032 028 029 029 029 028 026 024 024 028 -99
-99 -99 -99 -99 -99 000 027 027 000 000 000 000 000 000 022 022 022 000 000 000 000 000 000 032 032 032 031 032 030 028 029 025 -99 023 -99 -99
-99 -99 -99 -99 000 000 000 000 000 000 000 000 000 000 022 022 000 000 000 000 000 000 000 000 000 031 031 032 030 025 000 -99 -99 -99 -99 -99
-99 -99 -99 -99 -99 000 000 000 000 000 000 000 000 024 024 025 026 000 000 000 000 030 031 000 031 030 032 031 030 030 -99 -99 -99 -99 -99 -99
-99 -99 -99 -99 -99 -99 000 000 000 000 000 000 000 025 025 025 026 000 000 026 028 030 032 000 031 034 033 031 029 -99 -99 -99 -99 -99 -99 -99
-99 -99 -99 -99 -99 -99 -99 000 000 028 000 000 027 026 024 025 000 000 026 027 028 031 031 032 032 031 031 -99 -99 -99 -99 -99 -99 -99 -99 -99
-99 -99 -99 -99 -99 -99 -99 029 029 028 026 028 028 026 023 025 000 000 026 028 027 029 -99 -99 031 029 -99 -99 -99 -99 -99 -99 -99 -99 -99 -99
-99 -99 -99 -99 -99 -99 -99 030 029 030 027 030 029 028 028 027 000 000 000 028 027 -99 -99 -99 -99 -99 -99 -99 -99 -99 -99 -99 -99 -99 -99 -99
-99 -99 -99 -99 -99 -99 -99 -99 029 033 -99 -99 -99 028 028 000 000 000 028 028 -99 -99 -99 -99 -99 -99 -99 -99 -99 -99 -99 -99 -99 -99 -99 -99
-99 -99 -99 -99 -99 -99 -99 -99 -99 -99 -99 -99 -99 029 029 000 000 000 028 028 -99 -99 -99 -99 -99 -99 -99 -99 -99 -99 -99 -99 -99 -99 -99 -99
-99 -99 -99 -99 -99 -99 -99 -99 -99 -99 -99 -99 -99 030 029 030 000 000 029 030 -99 -99 -99 -99 -99 -99 -99 -99 -99 -99 -99 -99 -99 -99 -99 -99
-99 -99 -99 -99 -99 -99 -99 -99 -99 -99 -99 -99 -99 -99 030 029 000 028 029 -99 -99 -99 -99 -99 -99 -99 -99 -99 -99 -99 -99 -99 -99 -99 -99 -99
-99 -99 -99 -99 -99 -99 -99 -99 -99 -99 -99 -99 -99 -99 -99 029 -99 -99 -99 -99 -99 -99 -99 -99 -99 -99 -99 -99 -99 -99 -99 -99 -99 -99 -99 -99
