-99 -99 -99 -99 -99 -99 -99 -99 -99 -99 -99 -99 -99 -99 -99 -99 -99 -99 -99 -99 -99 -99 -99 -99 -99 -99 -99 -99 -99 -99 -99 -99 -99 -99 -99 -99
-99 -99 -99 000 -99 -99 -99 -99 -99 -99 -99 -99 -99 -99 -99 -99 -99 -99 -99 -99 -99 -99 -99 -99 -99 -99 -99 -99 -99 -99 -99 -99 -99 -99 -99 -99
-99 -99 000 000 000 000 -99 -99 -99 -99 -99 -99 -99 -99 -99 -99 -99 -99 -99 -99 -99 -99 -99 -99 -99 -99 -99 -99 -99 -99 -99 -99 -99 -99 -99 -99
-99 -99 -99 000 000 000 000 -99 -99 -99 -99 -99 -99 -99 -99 -99 -99 -99 -99 -99 -99 -99 -99 -99 -99 -99 -99 -99 -99 -99 -99 -99 -99 -99 -99 -99
-99 -99 -99 000 000 000 000 000 -99 -99 -99 -99 -99 -99 -99 -99 -99 -99 -99 -99 -99 -99 -99 -99 -99 -99 -99 -99 -99 -99 -99 -99 -99 -99 -99 -99
-99 -99 -99 000 000 000 000 000 032 036 040 -99 -99 -99 -99 -99 -99 -99 -99 -99 -99 -99 -99 -99 -99 -99 -99 -99 -99 -99 -99 -99 -99 -99 -99 -99
-99 000 000 000 000 000 000 000 032 034 044 -99 -99 -99 -99 -99 -99 -99 -99 -99 -99 -99 -99 -99 -99 -99 -99 -99 -99 -99 -99 -99 -99 -99 -99 -99
-99 000 000 000 000 000 000 000 000 031 039 -99 -99 -99 -99 -99 -99 -99 -99 -99 -99 -99 -99 -99 -99 -99 -99 -99 -99 -99 -99 -99 -99 -99 -99 -99
-99 -99 000 000 000 000 000 000 000 032 032 -99 -99 -99 -99 -99 -99 -99 -99 -99 -99 -99 -99 -99 -99 -99 -99 -99 -99 -99 -99 -99 -99 -99 -99 -99
-99 -99 -99 000 000 000 000 000 000 031 030 030 -99 -99 -99 -99 -99 -99 -99 -99 -99 -99 -99 -99 -99 -99 -99 -99 -99 -99 -99 -99 -99 -99 -99 -99
-99 -99 -99 -99 000 000 000 000 000 030 031 030 034 044 056 056 054 -99 -99 -99 -99 -99 -99 -99 -99 -99 -99 -99 -99 -99 -99 -99 -99 -99 -99 -99
-99 -99 -99 -99 000 000 000 000 000 000 031 030 031 043 056 054 052 054 -99 -99 -99 -99 -99 -99 -99 -99 -99 -99 -99 -99 -99 -99 -99 -99 -99 -99
-99 -99 -99 -99 000 000 000 000 000 034 031 035 031 041 053 056 051 050 053 -99 -99 -99 -99 -99 -99 -99 -99 -99 -99 -99 -99 -99 -99 -99 -99 -99
-99 -99 -99 -99 000 000 000 000 000 032 000 033 032 039 051 053 052 051 057 050 054 -99 -99 -99 -99 -99 -99 -99 -99 -99 -99 -99 -99 -99 -99 -99
-99 -99 -99 -99 000 000 000 000 032 031 025 031 032 041 051 054 053 051 053 048 049 -99 -99 -99 -99 -99 -99 -99 -99 -99 -99 -99 -99 -99 -99 -99
-99 -99 -99 -99 000 000 000 000 025 029 026 031 030 043 051 053 051 050 050 046 043 050 -99 047 047 052 -99 -99 -99 -99 -99 -99 -99 -99 -99 -99
-99 -99 -99 -99 000 000 000 025 025 027 035 036 038 044 053 053 049 047 048 045 042 043 040 039 039 053 051 -99 -99 -99 -99 -99 -99 -99 -99 -99
-99 -99 -99 000 000 000 025 025 026 029 046 043 041 045 051 052 049 048 047 045 045 042 036 036 036 000 044 042 -99 -99 -99 -99 -99 -99 -99 -99
-99 -99 -99 000 000 000 023 026 027 034 051 048 048 053 053 053 052 050 046 043 041 037 033 032 032 000 039 028 -99 -99 -99 -99 -99 -99 -99 -99
-99 -99 -99 000 000 021 021 025 026 041 053 051 053 054 055 052 050 048 045 040 039 033 029 025 026 000 000 028 028 -99 -99 044 -99 -99 -99 -99
-99 -99 -99 -99 000 018 020 023 024 045 054 051 053 053 054 050 049 046 044 041 037 033 030 025 026 000 000 029 028 030 036 040 037 -99 -99 -99
-99 -99 -99 -99 028 021 021 023 025 038 054 052 053 053 052 050 051 048 046 000 037 033 029 000 000 000 000 000 019 022 031 036 037 -99 -99 -99
-99 -99 -99 -99 028 023 024 026 026 035 049 050 052 054 051 053 056 052 047 000 000 000 000 000 000 000 000 000 019 018 032 035 037 -99 -99 -99
-99 -99 -99 -99 000 024 024 028 030 034 044 048 050 053 050 053 055 054 049 000 000 000 000 000 000 000 000 000 012 015 030 030 023 020 -99 -99
-99 -99 -99 -99 -99 000 000 029 032 038 043 047 049 052 050 052 054 054 049 000 000 000 000 000 056 000 000 000 000 000 000 030 021 022 000 -99
-99 -99 -99 -99 -99 000 032 031 032 000 000 000 051 053 049 051 052 047 044 000 000 000 000 056 056 000 000 043 039 000 000 020 -99 024 -99 -99
-99 -99 -99 -99 000 000 032 000 032 000 000 000 054 054 049 048 047 046 000 000 000 000 000 000 000 000 000 043 037 000 036 -99 -99 -99 -99 -99
-99 -99 -99 -99 -99 000 000 000 000 000 000 053 054 054 049 043 045 046 000 000 000 000 000 000 000 000 000 000 000 000 -99 -99 -99 -99 -99 -99
-99 -99 -99 -99 -99 -99 000 000 000 000 043 049 051 045 040 040 039 000 000 000 000 000 000 000 000 000 000 000 000 -99 -99 -99 -99 -99 -99 -99
-99 -99 -99 -99 -99 -99 -99 000 000 000 043 049 048 043 038 036 036 000 000 000 000 000 000 000 000 000 000 -99 -99 -99 -99 -99 -99 -99 -99 -99
-99 -99 -99 -99 -99 -99 -99 000 034 000 041 047 046 042 038 032 000 000 000 000 000 000 -99 -99 000 000 -99 -99 -99 -99 -99 -99 -99 -99 -99 -99
-99 -99 -99 -99 -99 -99 -99 033 034 037 040 045 045 044 037 000 000 000 000 000 000 -99 -99 -99 -99 -99 -99 -99 -99 -99 -99 -99 -99 -99 -99 -99
-99 -99 -99 -99 -99 -99 -99 -99 000 030 -99 -99 -99 000 037 000 000 000 000 000 -99 -99 -99 -99 -99 -99 -99 -99 -99 -99 -99 -99 -99 -99 -99 -99
-99 -99 -99 -99 -99 -99 -99 -99 -99 -99 -99 -99 -99 000 000 000 000 000 000 000 -99 -99 -99 -99 -99 -99 -99 -99 -99 -99 -99 -99 -99 -99 -99 -99
-99 -99 -99 -99 -99 -99 -99 -99 -99 -99 -99 -99 -99 000 000 000 000 000 000 000 -99 -99 -99 -99 -99 -99 -99 -99 -99 -99 -99 -99 -99 -99 -99 -99
-99 -99 -99 -99 -99 -99 -99 -99 -99 -99 -99 -99 -99 -99 000 000 000 000 000 -99 -99 -99 -99 -99 -99 -99 -99 -99 -99 -99 -99 -99 -99 -99 -99 -99
-99 -99 -99 -99 -99 -99 -99 -99 -99 -99 -99 -99 -99 -99 -99 000 -99 -99 -99 -99 -99 -99 -99 -99 -99 -99 -99 -99 -99 -99 -99 -99 -99 -99 -99 -99
