-99 -99 -99 -99 -99 -99 -99 -99 -99 -99 -99 -99 -99 -99 -99 -99 -99 -99 -99 -99 -99 -99 -99 -99 -99 -99 -99 -99 -99 -99 -99 -99 -99 -99 -99 -99
-99 -99 -99 000 -99 -99 -99 -99 -99 -99 -99 -99 -99 -99 -99 -99 -99 -99 -99 -99 -99 -99 -99 -99 -99 -99 -99 -99 -99 -99 -99 -99 -99 -99 -99 -99
-99 -99 023 028 029 023 -99 -99 -99 -99 -99 -99 -99 -99 -99 -99 -99 -99 -99 -99 -99 -99 -99 -99 -99 -99 -99 -99 -99 -99 -99 -99 -99 -99 -99 -99
-99 -99 -99 031 031 030 028 -99 -99 -99 -99 -99 -99 -99 -99 -99 -99 -99 -99 -99 -99 -99 -99 -99 -99 -99 -99 -99 -99 -99 -99 -99 -99 -99 -99 -99
-99 -99 -99 031 033 029 029 000 -99 -99 -99 -99 -99 -99 -99 -99 -99 -99 -99 -99 -99 -99 -99 -99 -99 -99 -99 -99 -99 -99 -99 -99 -99 -99 -99 -99
-99 -99 -99 031 031 031 026 000 000 017 016 -99 -99 -99 -99 -99 -99 -99 -99 -99 -99 -99 -99 -99 -99 -99 -99 -99 -99 -99 -99 -99 -99 -99 -99 -99
-99 027 029 030 031 000 029 000 000 020 018 -99 -99 -99 -99 -99 -99 -99 -99 -99 -99 -99 -99 -99 -99 -99 -99 -99 -99 -99 -99 -99 -99 -99 -99 -99
-99 000 000 000 000 000 029 000 000 021 021 -99 -99 -99 -99 -99 -99 -99 -99 -99 -99 -99 -99 -99 -99 -99 -99 -99 -99 -99 -99 -99 -99 -99 -99 -99
-99 -99 000 000 000 000 000 000 000 022 023 -99 -99 -99 -99 -99 -99 -99 -99 -99 -99 -99 -99 -99 -99 -99 -99 -99 -99 -99 -99 -99 -99 -99 -99 -99
-99 -99 -99 000 000 000 000 022 021 023 022 020 -99 -99 -99 -99 -99 -99 -99 -99 -99 -99 -99 -99 -99 -99 -99 -99 -99 -99 -99 -99 -99 -99 -99 -99
-99 -99 -99 -99 000 000 018 021 020 020 019 018 021 018 020 020 016 -99 -99 -99 -99 -99 -99 -99 -99 -99 -99 -99 -99 -99 -99 -99 -99 -99 -99 -99
-99 -99 -99 -99 000 000 017 016 018 016 015 016 016 016 000 020 017 020 -99 -99 -99 -99 -99 -99 -99 -99 -99 -99 -99 -99 -99 -99 -99 -99 -99 -99
-99 -99 -99 -99 000 000 017 012 017 015 011 015 015 014 000 021 018 021 021 -99 -99 -99 -99 -99 -99 -99 -99 -99 -99 -99 -99 -99 -99 -99 -99 -99
-99 -99 -99 -99 000 000 017 016 019 018 020 016 014 012 000 016 014 019 018 021 026 -99 -99 -99 -99 -99 -99 -99 -99 -99 -99 -99 -99 -99 -99 -99
-99 -99 -99 -99 000 025 017 019 017 017 019 017 000 000 000 014 013 015 018 021 026 -99 -99 -99 -99 -99 -99 -99 -99 -99 -99 -99 -99 -99 -99 -99
-99 -99 -99 -99 038 020 016 017 016 016 019 014 000 000 000 011 012 014 019 000 000 018 -99 013 000 000 -99 -99 -99 -99 -99 -99 -99 -99 -99 -99
-99 -99 -99 -99 028 021 013 013 014 013 013 009 000 000 000 010 013 013 000 000 000 013 000 000 000 000 000 -99 -99 -99 -99 -99 -99 -99 -99 -99
-99 -99 -99 028 025 024 016 013 013 010 012 000 000 000 000 011 012 014 000 000 000 013 000 000 000 000 000 000 -99 -99 -99 -99 -99 -99 -99 -99
-99 -99 -99 025 026 027 022 018 015 009 000 000 000 000 000 000 011 014 000 000 000 000 000 000 000 000 000 023 -99 -99 -99 -99 -99 -99 -99 -99
-99 -99 -99 028 027 028 024 020 017 013 000 000 000 000 000 000 010 000 000 000 000 000 000 000 000 000 033 023 029 -99 -99 038 -99 -99 -99 -99
-99 -99 -99 -99 027 027 024 019 017 017 000 000 000 000 000 004 000 000 000 000 000 000 000 000 000 037 035 025 035 034 040 043 046 -99 -99 -99
-99 -99 -99 -99 000 000 000 022 021 021 000 000 000 000 000 004 004 000 000 000 000 000 000 000 000 037 037 045 046 046 049 047 047 -99 -99 -99
-99 -99 -99 -99 000 000 000 025 025 025 000 000 026 000 010 007 012 000 000 000 000 000 000 028 033 036 046 051 048 049 049 046 050 -99 -99 -99
-99 -99 -99 -99 000 000 000 027 026 000 000 000 026 019 015 011 017 029 000 000 000 000 023 023 036 037 051 053 051 053 051 050 049 047 -99 -99
-99 -99 -99 -99 -99 000 000 000 027 000 000 029 025 019 015 022 024 029 000 000 000 026 025 032 038 041 053 054 051 053 046 048 046 046 044 -99
-99 -99 -99 -99 -99 000 000 000 000 000 029 029 022 019 016 031 036 038 041 041 039 030 027 040 045 051 053 054 050 049 046 046 -99 045 -99 -99
-99 -99 -99 -99 000 000 000 000 000 026 029 030 025 021 029 039 046 041 042 042 039 035 033 040 047 052 053 053 049 046 041 -99 -99 -99 -99 -99
-99 -99 -99 -99 -99 000 000 000 028 024 031 034 031 027 034 045 047 045 044 045 044 045 039 042 049 053 053 053 046 043 -99 -99 -99 -99 -99 -99
-99 -99 -99 -99 -99 -99 000 000 033 034 038 039 039 036 037 044 047 046 051 049 046 045 043 045 050 055 054 048 046 -99 -99 -99 -99 -99 -99 -99
-99 -99 -99 -99 -99 -99 -99 038 037 045 044 045 042 039 036 042 046 050 052 050 048 044 039 042 046 051 049 -99 -99 -99 -99 -99 -99 -99 -99 -99
-99 -99 -99 -99 -99 -99 -99 038 042 050 048 048 044 041 035 039 043 050 052 051 050 045 -99 -99 041 046 -99 -99 -99 -99 -99 -99 -99 -99 -99 -99
-99 -99 -99 -99 -99 -99 -99 046 047 051 050 049 047 044 036 040 043 049 052 047 046 -99 -99 -99 -99 -99 -99 -99 -99 -99 -99 -99 -99 -99 -99 -99
-99 -99 -99 -99 -99 -99 -99 -99 048 050 -99 -99 -99 042 037 038 045 049 048 046 -99 -99 -99 -99 -99 -99 -99 -99 -99 -99 -99 -99 -99 -99 -99 -99
-99 -99 -99 -99 -99 -99 -99 -99 -99 -99 -99 -99 -99 041 037 037 038 044 046 043 -99 -99 -99 -99 -99 -99 -99 -99 -99 -99 -99 -99 -99 -99 -99 -99
-99 -99 -99 -99 -99 -99 -99 -99 -99 -99 -99 -99 -99 041 037 037 040 040 042 040 -99 -99 -99 -99 -99 -99 -99 -99 -99 -99 -99 -99 -99 -99 -99 -99
-99 -99 -99 -99 -99 -99 -99 -99 -99 -99 -99 -99 -99 -99 041 040 039 037 041 -99 -99 -99 -99 -99 -99 -99 -99 -99 -99 -99 -99 -99 -99 -99 -99 -99
-99 -99 -99 -99 -99 -99 -99 -99 -99 -99 -99 -99 -99 -99 -99 042 -99 -99 -99 -99 -99 -99 -99 -99 -99 -99 -99 -99 -99 -99 -99 -99 -99 -99 -99 -99
