-99 -99 -99 -99 -99 -99 -99 -99 -99 -99 -99 -99 -99 -99 -99 -99 -99 -99 -99 -99 -99 -99 -99 -99 -99 -99 -99 -99 -99 -99 -99 -99 -99 -99 -99 -99
-99 -99 -99 000 -99 -99 -99 -99 -99 -99 -99 -99 -99 -99 -99 -99 -99 -99 -99 -99 -99 -99 -99 -99 -99 -99 -99 -99 -99 -99 -99 -99 -99 -99 -99 -99
-99 -99 000 000 000 000 -99 -99 -99 -99 -99 -99 -99 -99 -99 -99 -99 -99 -99 -99 -99 -99 -99 -99 -99 -99 -99 -99 -99 -99 -99 -99 -99 -99 -99 -99
-99 -99 -99 000 000 000 000 -99 -99 -99 -99 -99 -99 -99 -99 -99 -99 -99 -99 -99 -99 -99 -99 -99 -99 -99 -99 -99 -99 -99 -99 -99 -99 -99 -99 -99
-99 -99 -99 000 000 000 000 000 -99 -99 -99 -99 -99 -99 -99 -99 -99 -99 -99 -99 -99 -99 -99 -99 -99 -99 -99 -99 -99 -99 -99 -99 -99 -99 -99 -99
-99 -99 -99 000 000 000 000 000 000 000 000 -99 -99 -99 -99 -99 -99 -99 -99 -99 -99 -99 -99 -99 -99 -99 -99 -99 -99 -99 -99 -99 -99 -99 -99 -99
-99 000 000 000 000 000 000 000 000 000 015 -99 -99 -99 -99 -99 -99 -99 -99 -99 -99 -99 -99 -99 -99 -99 -99 -99 -99 -99 -99 -99 -99 -99 -99 -99
-99 000 000 000 000 000 000 000 000 000 000 -99 -99 -99 -99 -99 -99 -99 -99 -99 -99 -99 -99 -99 -99 -99 -99 -99 -99 -99 -99 -99 -99 -99 -99 -99
-99 -99 034 044 000 000 000 000 000 000 015 -99 -99 -99 -99 -99 -99 -99 -99 -99 -99 -99 -99 -99 -99 -99 -99 -99 -99 -99 -99 -99 -99 -99 -99 -99
-99 -99 -99 044 000 000 000 000 000 000 015 015 -99 -99 -99 -99 -99 -99 -99 -99 -99 -99 -99 -99 -99 -99 -99 -99 -99 -99 -99 -99 -99 -99 -99 -99
-99 -99 -99 -99 000 000 000 000 000 000 000 000 000 000 000 000 000 -99 -99 -99 -99 -99 -99 -99 -99 -99 -99 -99 -99 -99 -99 -99 -99 -99 -99 -99
-99 -99 -99 -99 000 000 000 000 000 000 000 000 000 000 000 000 000 000 -99 -99 -99 -99 -99 -99 -99 -99 -99 -99 -99 -99 -99 -99 -99 -99 -99 -99
-99 -99 -99 -99 000 000 000 000 000 000 000 000 000 000 000 000 000 000 000 -99 -99 -99 -99 -99 -99 -99 -99 -99 -99 -99 -99 -99 -99 -99 -99 -99
-99 -99 -99 -99 000 000 000 000 000 000 000 000 000 000 000 000 000 000 000 000 000 -99 -99 -99 -99 -99 -99 -99 -99 -99 -99 -99 -99 -99 -99 -99
-99 -99 -99 -99 000 000 000 000 000 000 000 000 000 000 000 000 000 000 000 000 000 -99 -99 -99 -99 -99 -99 -99 -99 -99 -99 -99 -99 -99 -99 -99
-99 -99 -99 -99 000 000 000 000 000 000 000 000 000 000 000 000 000 000 000 000 000 000 -99 000 000 000 -99 -99 -99 -99 -99 -99 -99 -99 -99 -99
-99 -99 -99 -99 000 000 000 000 000 000 000 000 000 000 000 000 000 000 000 000 000 000 000 000 000 000 000 -99 -99 -99 -99 -99 -99 -99 -99 -99
-99 -99 -99 000 000 000 000 000 000 000 000 000 000 000 000 000 000 000 000 000 000 000 000 000 000 000 000 000 -99 -99 -99 -99 -99 -99 -99 -99
-99 -99 -99 000 000 000 000 000 000 000 000 000 000 000 000 000 000 000 000 000 000 000 000 000 000 000 000 000 -99 -99 -99 -99 -99 -99 -99 -99
-99 -99 -99 000 000 000 000 000 000 000 000 000 000 000 000 000 000 000 000 000 000 000 000 000 000 000 000 000 000 -99 -99 000 -99 -99 -99 -99
-99 -99 -99 -99 000 000 000 000 000 000 000 000 000 000 000 000 000 000 000 000 000 000 000 000 000 000 000 000 000 000 000 000 000 -99 -99 -99
-99 -99 -99 -99 000 000 000 000 000 000 000 000 000 000 000 000 000 000 000 000 000 000 000 000 000 000 000 000 000 000 000 000 000 -99 -99 -99
-99 -99 -99 -99 000 000 000 000 000 000 000 000 000 000 000 000 000 000 000 000 000 000 000 000 000 000 000 000 000 000 000 000 000 -99 -99 -99
-99 -99 -99 -99 000 000 000 000 000 000 000 000 000 000 000 000 000 000 000 000 000 000 000 000 000 000 000 000 000 000 000 000 000 000 -99 -99
-99 -99 -99 -99 -99 000 000 000 000 000 000 000 000 000 000 000 000 000 000 000 000 000 000 000 000 000 000 000 000 000 000 000 000 000 000 -99
-99 -99 -99 -99 -99 000 000 000 000 000 000 000 000 000 000 000 000 000 000 000 000 000 000 000 000 000 000 000 000 000 000 000 -99 000 -99 -99
-99 -99 -99 -99 000 000 000 000 000 000 000 000 000 000 000 000 000 000 000 000 000 000 000 000 000 000 000 000 000 000 000 -99 -99 -99 -99 -99
-99 -99 -99 -99 -99 000 000 000 000 000 000 000 000 000 000 000 000 000 000 000 000 000 000 000 000 000 000 000 000 000 -99 -99 -99 -99 -99 -99
-99 -99 -99 -99 -99 -99 000 000 000 000 000 000 000 000 000 000 000 000 000 000 000 000 000 000 000 000 000 000 000 -99 -99 -99 -99 -99 -99 -99
-99 -99 -99 -99 -99 -99 -99 000 000 000 000 000 000 000 000 000 000 000 000 000 000 000 000 000 000 000 000 -99 -99 -99 -99 -99 -99 -99 -99 -99
-99 -99 -99 -99 -99 -99 -99 000 000 000 000 000 000 000 000 000 000 000 000 000 000 028 -99 -99 000 000 -99 -99 -99 -99 -99 -99 -99 -99 -99 -99
-99 -99 -99 -99 -99 -99 -99 000 000 000 000 000 000 000 000 000 000 000 000 000 000 -99 -99 -99 -99 -99 -99 -99 -99 -99 -99 -99 -99 -99 -99 -99
-99 -99 -99 -99 -99 -99 -99 -99 000 000 -99 -99 -99 000 000 000 000 000 000 000 -99 -99 -99 -99 -99 -99 -99 -99 -99 -99 -99 -99 -99 -99 -99 -99
-99 -99 -99 -99 -99 -99 -99 -99 -99 -99 -99 -99 -99 000 000 000 000 000 000 000 -99 -99 -99 -99 -99 -99 -99 -99 -99 -99 -99 -99 -99 -99 -99 -99
-99 -99 -99 -99 -99 -99 -99 -99 -99 -99 -99 -99 -99 000 000 000 000 000 000 000 -99 -99 -99 -99 -99 -99 -99 -99 -99 -99 -99 -99 -99 -99 -99 -99
-99 -99 -99 -99 -99 -99 -99 -99 -99 -99 -99 -99 -99 -99 000 000 000 000 000 -99 -99 -99 -99 -99 -99 -99 -99 -99 -99 -99 -99 -99 -99 -99 -99 -99
-99 -99 -99 -99 -99 -99 -99 -99 -99 -99 -99 -99 -99 -99 -99 000 -99 -99 -99 -99 -99 -99 -99 -99 -99 -99 -99 -99 -99 -99 -99 -99 -99 -99 -99 -99
