-99 -99 -99 -99 -99 -99 -99 -99 -99 -99 -99 -99 -99 -99 -99 -99 -99 -99 -99 -99 -99 -99 -99 -99 -99 -99 -99 -99 -99 -99 -99 -99 -99 -99 -99 -99
-99 -99 -99 000 -99 -99 -99 -99 -99 -99 -99 -99 -99 -99 -99 -99 -99 -99 -99 -99 -99 -99 -99 -99 -99 -99 -99 -99 -99 -99 -99 -99 -99 -99 -99 -99
-99 -99 000 000 000 000 -99 -99 -99 -99 -99 -99 -99 -99 -99 -99 -99 -99 -99 -99 -99 -99 -99 -99 -99 -99 -99 -99 -99 -99 -99 -99 -99 -99 -99 -99
-99 -99 -99 000 000 000 000 -99 -99 -99 -99 -99 -99 -99 -99 -99 -99 -99 -99 -99 -99 -99 -99 -99 -99 -99 -99 -99 -99 -99 -99 -99 -99 -99 -99 -99
-99 -99 -99 000 000 000 000 000 -99 -99 -99 -99 -99 -99 -99 -99 -99 -99 -99 -99 -99 -99 -99 -99 -99 -99 -99 -99 -99 -99 -99 -99 -99 -99 -99 -99
-99 -99 -99 030 000 000 000 000 000 033 029 -99 -99 -99 -99 -99 -99 -99 -99 -99 -99 -99 -99 -99 -99 -99 -99 -99 -99 -99 -99 -99 -99 -99 -99 -99
-99 031 030 031 000 032 000 000 035 035 033 -99 -99 -99 -99 -99 -99 -99 -99 -99 -99 -99 -99 -99 -99 -99 -99 -99 -99 -99 -99 -99 -99 -99 -99 -99
-99 032 032 032 000 032 031 000 000 037 038 -99 -99 -99 -99 -99 -99 -99 -99 -99 -99 -99 -99 -99 -99 -99 -99 -99 -99 -99 -99 -99 -99 -99 -99 -99
-99 -99 032 032 000 032 032 030 000 036 038 -99 -99 -99 -99 -99 -99 -99 -99 -99 -99 -99 -99 -99 -99 -99 -99 -99 -99 -99 -99 -99 -99 -99 -99 -99
-99 -99 -99 032 000 033 034 030 000 038 040 047 -99 -99 -99 -99 -99 -99 -99 -99 -99 -99 -99 -99 -99 -99 -99 -99 -99 -99 -99 -99 -99 -99 -99 -99
-99 -99 -99 -99 000 034 034 000 000 039 043 047 040 041 000 030 021 -99 -99 -99 -99 -99 -99 -99 -99 -99 -99 -99 -99 -99 -99 -99 -99 -99 -99 -99
-99 -99 -99 -99 000 000 000 000 000 037 044 046 039 000 000 026 014 026 -99 -99 -99 -99 -99 -99 -99 -99 -99 -99 -99 -99 -99 -99 -99 -99 -99 -99
-99 -99 -99 -99 000 000 000 000 000 030 032 039 037 000 000 025 021 027 000 -99 -99 -99 -99 -99 -99 -99 -99 -99 -99 -99 -99 -99 -99 -99 -99 -99
-99 -99 -99 -99 000 000 000 000 000 028 023 032 000 000 000 033 041 033 030 000 000 -99 -99 -99 -99 -99 -99 -99 -99 -99 -99 -99 -99 -99 -99 -99
-99 -99 -99 -99 000 000 036 035 000 000 000 000 000 000 000 031 042 038 033 032 033 -99 -99 -99 -99 -99 -99 -99 -99 -99 -99 -99 -99 -99 -99 -99
-99 -99 -99 -99 046 047 032 025 000 000 000 000 000 000 000 033 045 041 035 032 033 025 -99 026 000 000 -99 -99 -99 -99 -99 -99 -99 -99 -99 -99
-99 -99 -99 -99 044 037 022 022 000 000 000 000 028 029 032 036 044 041 037 036 030 024 025 027 000 000 030 -99 -99 -99 -99 -99 -99 -99 -99 -99
-99 -99 -99 048 045 029 019 021 000 000 000 000 028 029 037 039 047 045 037 040 032 026 027 028 027 027 027 027 -99 -99 -99 -99 -99 -99 -99 -99
-99 -99 -99 046 043 030 019 000 000 000 000 023 029 029 040 038 046 046 040 042 032 031 029 029 027 027 028 029 -99 -99 -99 -99 -99 -99 -99 -99
-99 -99 -99 000 037 027 023 000 000 000 031 036 041 042 041 040 044 044 040 044 032 034 032 031 030 028 034 032 040 -99 -99 029 -99 -99 -99 -99
-99 -99 -99 -99 030 027 023 000 000 000 025 042 042 041 042 039 042 037 036 039 039 042 038 032 032 031 037 036 043 036 030 023 029 -99 -99 -99
-99 -99 -99 -99 024 024 022 000 000 000 030 043 044 041 039 037 032 036 038 037 039 042 039 035 032 034 039 041 042 036 033 024 032 -99 -99 -99
-99 -99 -99 -99 020 018 000 000 000 000 036 042 041 040 032 027 017 036 000 000 039 042 039 039 033 035 037 037 038 037 028 026 038 -99 -99 -99
-99 -99 -99 -99 000 000 000 000 000 000 034 039 041 000 000 023 017 000 000 000 038 038 041 044 037 036 037 033 036 038 027 029 037 043 -99 -99
-99 -99 -99 -99 -99 000 000 000 000 000 000 000 000 000 000 023 000 000 000 000 000 038 042 045 041 000 000 032 034 035 029 028 034 040 044 -99
-99 -99 -99 -99 -99 000 000 000 000 000 000 000 000 000 000 000 000 000 000 000 000 042 042 045 046 030 000 031 030 030 029 027 -99 037 -99 -99
-99 -99 -99 -99 000 000 000 000 000 000 000 000 000 000 000 000 000 000 000 000 000 043 043 043 041 026 021 030 024 020 000 -99 -99 -99 -99 -99
-99 -99 -99 -99 -99 000 000 000 000 000 000 000 000 000 000 000 000 000 000 000 038 042 042 043 035 024 021 000 018 018 -99 -99 -99 -99 -99 -99
-99 -99 -99 -99 -99 -99 000 000 000 000 000 000 000 000 000 000 000 000 000 034 039 042 041 042 037 024 021 000 018 -99 -99 -99 -99 -99 -99 -99
-99 -99 -99 -99 -99 -99 -99 000 000 000 000 000 000 000 000 000 000 000 000 034 039 041 040 044 037 024 021 -99 -99 -99 -99 -99 -99 -99 -99 -99
-99 -99 -99 -99 -99 -99 -99 000 000 000 000 000 000 000 000 000 000 000 000 034 033 037 -99 -99 030 026 -99 -99 -99 -99 -99 -99 -99 -99 -99 -99
-99 -99 -99 -99 -99 -99 -99 000 000 000 026 026 000 000 000 000 000 000 000 027 037 -99 -99 -99 -99 -99 -99 -99 -99 -99 -99 -99 -99 -99 -99 -99
-99 -99 -99 -99 -99 -99 -99 -99 000 000 -99 -99 -99 000 000 000 000 000 000 026 -99 -99 -99 -99 -99 -99 -99 -99 -99 -99 -99 -99 -99 -99 -99 -99
-99 -99 -99 -99 -99 -99 -99 -99 -99 -99 -99 -99 -99 000 000 000 000 000 000 030 -99 -99 -99 -99 -99 -99 -99 -99 -99 -99 -99 -99 -99 -99 -99 -99
-99 -99 -99 -99 -99 -99 -99 -99 -99 -99 -99 -99 -99 000 000 000 000 000 033 035 -99 -99 -99 -99 -99 -99 -99 -99 -99 -99 -99 -99 -99 -99 -99 -99
-99 -99 -99 -99 -99 -99 -99 -99 -99 -99 -99 -99 -99 -99 006 000 000 000 023 -99 -99 -99 -99 -99 -99 -99 -99 -99 -99 -99 -99 -99 -99 -99 -99 -99
-99 -99 -99 -99 -99 -99 -99 -99 -99 -99 -99 -99 -99 -99 -99 000 -99 -99 -99 -99 -99 -99 -99 -99 -99 -99 -99 -99 -99 -99 -99 -99 -99 -99 -99 -99
