-99 -99 -99 -99 -99 -99 -99 -99 -99 -99 -99 -99 -99 -99 -99 -99 -99 -99 -99 -99 -99 -99 -99 -99 -99 -99 -99 -99 -99 -99 -99 -99 -99 -99 -99 -99
-99 -99 -99 000 -99 -99 -99 -99 -99 -99 -99 -99 -99 -99 -99 -99 -99 -99 -99 -99 -99 -99 -99 -99 -99 -99 -99 -99 -99 -99 -99 -99 -99 -99 -99 -99
-99 -99 000 000 000 000 -99 -99 -99 -99 -99 -99 -99 -99 -99 -99 -99 -99 -99 -99 -99 -99 -99 -99 -99 -99 -99 -99 -99 -99 -99 -99 -99 -99 -99 -99
-99 -99 -99 000 006 006 006 -99 -99 -99 -99 -99 -99 -99 -99 -99 -99 -99 -99 -99 -99 -99 -99 -99 -99 -99 -99 -99 -99 -99 -99 -99 -99 -99 -99 -99
-99 -99 -99 000 002 000 002 000 -99 -99 -99 -99 -99 -99 -99 -99 -99 -99 -99 -99 -99 -99 -99 -99 -99 -99 -99 -99 -99 -99 -99 -99 -99 -99 -99 -99
-99 -99 -99 000 002 000 000 000 018 018 017 -99 -99 -99 -99 -99 -99 -99 -99 -99 -99 -99 -99 -99 -99 -99 -99 -99 -99 -99 -99 -99 -99 -99 -99 -99
-99 010 000 000 000 000 000 000 020 019 015 -99 -99 -99 -99 -99 -99 -99 -99 -99 -99 -99 -99 -99 -99 -99 -99 -99 -99 -99 -99 -99 -99 -99 -99 -99
-99 000 000 000 000 000 000 000 000 020 024 -99 -99 -99 -99 -99 -99 -99 -99 -99 -99 -99 -99 -99 -99 -99 -99 -99 -99 -99 -99 -99 -99 -99 -99 -99
-99 -99 000 000 000 000 000 028 027 021 022 -99 -99 -99 -99 -99 -99 -99 -99 -99 -99 -99 -99 -99 -99 -99 -99 -99 -99 -99 -99 -99 -99 -99 -99 -99
-99 -99 -99 000 000 031 031 028 027 024 023 025 -99 -99 -99 -99 -99 -99 -99 -99 -99 -99 -99 -99 -99 -99 -99 -99 -99 -99 -99 -99 -99 -99 -99 -99
-99 -99 -99 -99 000 033 028 029 029 027 026 026 026 030 034 036 036 -99 -99 -99 -99 -99 -99 -99 -99 -99 -99 -99 -99 -99 -99 -99 -99 -99 -99 -99
-99 -99 -99 -99 034 032 029 031 030 027 026 029 025 031 028 033 039 036 -99 -99 -99 -99 -99 -99 -99 -99 -99 -99 -99 -99 -99 -99 -99 -99 -99 -99
-99 -99 -99 -99 034 031 032 032 033 033 031 033 031 029 032 035 038 040 038 -99 -99 -99 -99 -99 -99 -99 -99 -99 -99 -99 -99 -99 -99 -99 -99 -99
-99 -99 -99 -99 034 032 028 029 033 034 038 036 037 033 039 038 039 042 047 048 049 -99 -99 -99 -99 -99 -99 -99 -99 -99 -99 -99 -99 -99 -99 -99
-99 -99 -99 -99 000 029 034 032 038 038 042 040 038 041 042 041 043 045 048 049 052 -99 -99 -99 -99 -99 -99 -99 -99 -99 -99 -99 -99 -99 -99 -99
-99 -99 -99 -99 000 031 037 037 038 039 043 041 040 043 046 047 049 049 049 051 055 052 -99 051 051 052 -99 -99 -99 -99 -99 -99 -99 -99 -99 -99
-99 -99 -99 -99 034 035 035 036 041 042 042 042 044 046 048 049 051 053 052 052 053 054 054 053 052 050 042 -99 -99 -99 -99 -99 -99 -99 -99 -99
-99 -99 -99 030 035 039 037 037 041 042 041 042 045 049 051 051 051 053 055 055 055 055 055 054 051 048 039 029 -99 -99 -99 -99 -99 -99 -99 -99
-99 -99 -99 035 034 041 039 035 036 043 040 047 050 047 048 050 050 053 054 054 056 055 056 054 049 046 035 028 -99 -99 -99 -99 -99 -99 -99 -99
-99 -99 -99 037 036 041 039 033 034 036 035 048 049 049 048 050 049 052 053 053 055 053 053 052 045 044 034 028 025 -99 -99 037 -99 -99 -99 -99
-99 -99 -99 -99 037 038 038 034 035 035 038 048 049 047 046 047 048 052 055 053 054 050 050 049 045 042 035 028 026 026 032 038 044 -99 -99 -99
-99 -99 -99 -99 038 036 037 035 035 039 042 047 047 045 044 046 050 050 052 052 052 047 046 049 045 039 035 030 029 028 030 043 045 -99 -99 -99
-99 -99 -99 -99 039 037 040 041 040 041 046 046 046 046 045 044 046 050 052 052 049 045 044 050 050 043 036 033 032 030 033 044 045 -99 -99 -99
-99 -99 -99 -99 038 000 000 046 046 045 048 045 046 045 043 041 044 049 050 052 048 046 048 053 049 045 040 036 032 031 036 044 051 052 -99 -99
-99 -99 -99 -99 -99 042 046 048 049 049 050 046 045 042 042 040 042 048 048 050 050 048 049 055 050 044 044 038 040 041 043 047 052 054 050 -99
-99 -99 -99 -99 -99 041 046 049 049 049 047 041 044 040 037 041 042 044 044 048 050 050 050 052 050 048 045 041 042 044 044 049 -99 056 -99 -99
-99 -99 -99 -99 039 038 045 048 048 050 045 042 040 037 038 037 041 043 042 045 049 051 051 051 048 046 045 042 044 047 049 -99 -99 -99 -99 -99
-99 -99 -99 -99 -99 041 045 048 045 043 043 041 038 036 034 035 040 040 040 045 048 049 051 050 045 044 046 047 049 049 -99 -99 -99 -99 -99 -99
-99 -99 -99 -99 -99 -99 047 047 046 043 040 039 033 032 034 036 038 039 040 048 049 050 051 048 043 042 046 048 047 -99 -99 -99 -99 -99 -99 -99
-99 -99 -99 -99 -99 -99 -99 048 044 039 039 037 032 030 034 036 035 038 043 048 049 050 051 050 044 043 045 -99 -99 -99 -99 -99 -99 -99 -99 -99
-99 -99 -99 -99 -99 -99 -99 048 043 042 039 034 030 027 032 033 033 040 044 050 048 047 -99 -99 044 043 -99 -99 -99 -99 -99 -99 -99 -99 -99 -99
-99 -99 -99 -99 -99 -99 -99 046 046 046 036 031 025 025 027 027 033 042 045 044 046 -99 -99 -99 -99 -99 -99 -99 -99 -99 -99 -99 -99 -99 -99 -99
-99 -99 -99 -99 -99 -99 -99 -99 046 040 -99 -99 -99 023 029 029 035 040 045 043 -99 -99 -99 -99 -99 -99 -99 -99 -99 -99 -99 -99 -99 -99 -99 -99
-99 -99 -99 -99 -99 -99 -99 -99 -99 -99 -99 -99 -99 027 026 034 034 048 046 041 -99 -99 -99 -99 -99 -99 -99 -99 -99 -99 -99 -99 -99 -99 -99 -99
-99 -99 -99 -99 -99 -99 -99 -99 -99 -99 -99 -99 -99 025 026 029 043 048 045 045 -99 -99 -99 -99 -99 -99 -99 -99 -99 -99 -99 -99 -99 -99 -99 -99
-99 -99 -99 -99 -99 -99 -99 -99 -99 -99 -99 -99 -99 -99 029 035 045 049 044 -99 -99 -99 -99 -99 -99 -99 -99 -99 -99 -99 -99 -99 -99 -99 -99 -99
-99 -99 -99 -99 -99 -99 -99 -99 -99 -99 -99 -99 -99 -99 -99 038 -99 -99 -99 -99 -99 -99 -99 -99 -99 -99 -99 -99 -99 -99 -99 -99 -99 -99 -99 -99
