-99 -99 -99 -99 -99 -99 -99 -99 -99 -99 -99 -99 -99 -99 -99 -99 -99 -99 -99 -99 -99 -99 -99 -99 -99 -99 -99 -99 -99 -99 -99 -99 -99 -99 -99 -99
-99 -99 -99 000 -99 -99 -99 -99 -99 -99 -99 -99 -99 -99 -99 -99 -99 -99 -99 -99 -99 -99 -99 -99 -99 -99 -99 -99 -99 -99 -99 -99 -99 -99 -99 -99
-99 -99 000 000 000 000 -99 -99 -99 -99 -99 -99 -99 -99 -99 -99 -99 -99 -99 -99 -99 -99 -99 -99 -99 -99 -99 -99 -99 -99 -99 -99 -99 -99 -99 -99
-99 -99 -99 000 000 000 000 -99 -99 -99 -99 -99 -99 -99 -99 -99 -99 -99 -99 -99 -99 -99 -99 -99 -99 -99 -99 -99 -99 -99 -99 -99 -99 -99 -99 -99
-99 -99 -99 000 000 000 000 000 -99 -99 -99 -99 -99 -99 -99 -99 -99 -99 -99 -99 -99 -99 -99 -99 -99 -99 -99 -99 -99 -99 -99 -99 -99 -99 -99 -99
-99 -99 -99 000 000 000 000 000 000 000 000 -99 -99 -99 -99 -99 -99 -99 -99 -99 -99 -99 -99 -99 -99 -99 -99 -99 -99 -99 -99 -99 -99 -99 -99 -99
-99 000 000 000 000 000 000 000 000 000 000 -99 -99 -99 -99 -99 -99 -99 -99 -99 -99 -99 -99 -99 -99 -99 -99 -99 -99 -99 -99 -99 -99 -99 -99 -99
-99 000 000 000 000 000 000 000 000 000 000 -99 -99 -99 -99 -99 -99 -99 -99 -99 -99 -99 -99 -99 -99 -99 -99 -99 -99 -99 -99 -99 -99 -99 -99 -99
-99 -99 000 000 000 000 000 000 000 000 000 -99 -99 -99 -99 -99 -99 -99 -99 -99 -99 -99 -99 -99 -99 -99 -99 -99 -99 -99 -99 -99 -99 -99 -99 -99
-99 -99 -99 000 000 000 000 000 000 000 000 000 -99 -99 -99 -99 -99 -99 -99 -99 -99 -99 -99 -99 -99 -99 -99 -99 -99 -99 -99 -99 -99 -99 -99 -99
-99 -99 -99 -99 000 000 000 000 000 000 000 000 000 000 000 000 000 -99 -99 -99 -99 -99 -99 -99 -99 -99 -99 -99 -99 -99 -99 -99 -99 -99 -99 -99
-99 -99 -99 -99 000 000 000 000 000 000 000 000 000 000 000 000 000 000 -99 -99 -99 -99 -99 -99 -99 -99 -99 -99 -99 -99 -99 -99 -99 -99 -99 -99
-99 -99 -99 -99 000 000 000 000 000 000 000 000 000 000 000 000 000 000 000 -99 -99 -99 -99 -99 -99 -99 -99 -99 -99 -99 -99 -99 -99 -99 -99 -99
-99 -99 -99 -99 000 000 000 000 000 000 000 000 000 000 000 000 000 000 000 000 000 -99 -99 -99 -99 -99 -99 -99 -99 -99 -99 -99 -99 -99 -99 -99
-99 -99 -99 -99 000 000 000 000 000 000 000 000 000 000 000 000 000 000 000 000 000 -99 -99 -99 -99 -99 -99 -99 -99 -99 -99 -99 -99 -99 -99 -99
-99 -99 -99 -99 000 000 000 000 000 000 000 000 000 000 000 000 000 000 000 000 000 000 -99 000 000 000 -99 -99 -99 -99 -99 -99 -99 -99 -99 -99
-99 -99 -99 -99 000 000 000 000 000 000 000 000 000 000 000 000 000 000 000 000 000 000 000 000 000 000 000 -99 -99 -99 -99 -99 -99 -99 -99 -99
-99 -99 -99 000 000 000 000 000 000 000 000 000 000 000 000 000 000 000 000 000 000 004 000 000 000 000 000 000 -99 -99 -99 -99 -99 -99 -99 -99
-99 -99 -99 000 000 000 000 000 000 000 000 000 000 000 000 000 000 000 000 000 000 004 000 000 000 000 000 000 -99 -99 -99 -99 -99 -99 -99 -99
-99 -99 -99 000 000 000 000 000 000 000 000 000 000 000 000 000 000 000 000 000 000 000 003 000 000 000 000 000 005 -99 -99 000 -99 -99 -99 -99
-99 -99 -99 -99 000 000 000 000 000 000 000 000 000 000 000 000 000 000 000 000 000 000 003 000 000 000 000 000 005 006 005 000 000 -99 -99 -99
-99 -99 -99 -99 000 000 000 000 000 000 000 000 000 000 000 000 000 000 000 000 000 000 000 000 000 000 000 000 006 007 008 000 000 -99 -99 -99
-99 -99 -99 -99 000 000 000 000 000 000 000 000 000 000 000 000 000 000 000 000 000 000 000 000 000 000 000 000 005 007 000 000 000 -99 -99 -99
-99 -99 -99 -99 000 000 000 000 000 000 000 000 000 000 000 000 000 000 000 000 000 000 000 000 000 000 000 000 005 006 000 000 000 005 -99 -99
-99 -99 -99 -99 -99 000 000 000 000 000 000 000 000 000 000 000 000 000 000 000 000 000 000 000 000 000 000 000 000 000 000 000 000 005 006 -99
-99 -99 -99 -99 -99 000 000 000 000 000 000 000 000 000 000 000 000 000 000 000 000 000 000 000 000 000 000 000 007 000 000 000 -99 000 -99 -99
-99 -99 -99 -99 000 000 000 000 000 000 000 000 000 000 000 000 000 000 000 000 000 000 000 000 000 000 000 000 007 000 000 -99 -99 -99 -99 -99
-99 -99 -99 -99 -99 000 000 000 000 000 000 000 000 000 000 000 000 000 000 000 000 000 000 000 000 000 000 000 007 005 -99 -99 -99 -99 -99 -99
-99 -99 -99 -99 -99 -99 000 000 000 000 000 000 000 000 000 000 000 000 000 000 000 000 000 000 000 000 000 000 006 -99 -99 -99 -99 -99 -99 -99
-99 -99 -99 -99 -99 -99 -99 000 000 000 000 000 000 000 000 000 000 000 000 000 000 000 000 000 000 010 010 -99 -99 -99 -99 -99 -99 -99 -99 -99
-99 -99 -99 -99 -99 -99 -99 000 000 000 000 000 000 000 000 000 000 000 000 000 000 000 -99 -99 008 010 -99 -99 -99 -99 -99 -99 -99 -99 -99 -99
-99 -99 -99 -99 -99 -99 -99 000 000 000 000 000 000 000 000 000 000 000 000 000 000 -99 -99 -99 -99 -99 -99 -99 -99 -99 -99 -99 -99 -99 -99 -99
-99 -99 -99 -99 -99 -99 -99 -99 000 000 -99 -99 -99 000 000 000 000 000 000 000 -99 -99 -99 -99 -99 -99 -99 -99 -99 -99 -99 -99 -99 -99 -99 -99
-99 -99 -99 -99 -99 -99 -99 -99 -99 -99 -99 -99 -99 000 000 000 000 000 000 000 -99 -99 -99 -99 -99 -99 -99 -99 -99 -99 -99 -99 -99 -99 -99 -99
-99 -99 -99 -99 -99 -99 -99 -99 -99 -99 -99 -99 -99 000 000 000 000 000 000 000 -99 -99 -99 -99 -99 -99 -99 -99 -99 -99 -99 -99 -99 -99 -99 -99
-99 -99 -99 -99 -99 -99 -99 -99 -99 -99 -99 -99 -99 -99 000 000 000 000 000 -99 -99 -99 -99 -99 -99 -99 -99 -99 -99 -99 -99 -99 -99 -99 -99 -99
-99 -99 -99 -99 -99 -99 -99 -99 -99 -99 -99 -99 -99 -99 -99 000 -99 -99 -99 -99 -99 -99 -99 -99 -99 -99 -99 -99 -99 -99 -99 -99 -99 -99 -99 -99
