-99 -99 -99 -99 -99 -99 -99 -99 -99 -99 -99 -99 -99 -99 -99 -99 -99 -99 -99 -99 -99 -99 -99 -99 -99 -99 -99 -99 -99 -99 -99 -99 -99 -99 -99 -99
-99 -99 -99 000 -99 -99 -99 -99 -99 -99 -99 -99 -99 -99 -99 -99 -99 -99 -99 -99 -99 -99 -99 -99 -99 -99 -99 -99 -99 -99 -99 -99 -99 -99 -99 -99
-99 -99 037 000 000 039 -99 -99 -99 -99 -99 -99 -99 -99 -99 -99 -99 -99 -99 -99 -99 -99 -99 -99 -99 -99 -99 -99 -99 -99 -99 -99 -99 -99 -99 -99
-99 -99 -99 000 000 037 038 -99 -99 -99 -99 -99 -99 -99 -99 -99 -99 -99 -99 -99 -99 -99 -99 -99 -99 -99 -99 -99 -99 -99 -99 -99 -99 -99 -99 -99
-99 -99 -99 000 037 034 036 040 -99 -99 -99 -99 -99 -99 -99 -99 -99 -99 -99 -99 -99 -99 -99 -99 -99 -99 -99 -99 -99 -99 -99 -99 -99 -99 -99 -99
-99 -99 -99 032 038 038 037 038 038 038 038 -99 -99 -99 -99 -99 -99 -99 -99 -99 -99 -99 -99 -99 -99 -99 -99 -99 -99 -99 -99 -99 -99 -99 -99 -99
-99 034 032 030 037 037 038 039 038 038 039 -99 -99 -99 -99 -99 -99 -99 -99 -99 -99 -99 -99 -99 -99 -99 -99 -99 -99 -99 -99 -99 -99 -99 -99 -99
-99 035 035 033 037 037 038 039 041 039 041 -99 -99 -99 -99 -99 -99 -99 -99 -99 -99 -99 -99 -99 -99 -99 -99 -99 -99 -99 -99 -99 -99 -99 -99 -99
-99 -99 035 035 000 038 038 038 041 039 039 -99 -99 -99 -99 -99 -99 -99 -99 -99 -99 -99 -99 -99 -99 -99 -99 -99 -99 -99 -99 -99 -99 -99 -99 -99
-99 -99 -99 035 000 038 038 038 041 041 040 042 -99 -99 -99 -99 -99 -99 -99 -99 -99 -99 -99 -99 -99 -99 -99 -99 -99 -99 -99 -99 -99 -99 -99 -99
-99 -99 -99 -99 000 000 039 039 042 042 042 041 040 041 041 040 042 -99 -99 -99 -99 -99 -99 -99 -99 -99 -99 -99 -99 -99 -99 -99 -99 -99 -99 -99
-99 -99 -99 -99 000 000 039 000 042 042 042 040 041 040 042 040 041 041 -99 -99 -99 -99 -99 -99 -99 -99 -99 -99 -99 -99 -99 -99 -99 -99 -99 -99
-99 -99 -99 -99 000 000 000 000 000 043 040 043 040 038 039 040 042 041 039 -99 -99 -99 -99 -99 -99 -99 -99 -99 -99 -99 -99 -99 -99 -99 -99 -99
-99 -99 -99 -99 000 000 042 042 000 040 040 040 039 038 044 040 038 038 038 038 036 -99 -99 -99 -99 -99 -99 -99 -99 -99 -99 -99 -99 -99 -99 -99
-99 -99 -99 -99 000 040 040 039 038 039 043 041 040 039 043 040 038 038 039 037 037 -99 -99 -99 -99 -99 -99 -99 -99 -99 -99 -99 -99 -99 -99 -99
-99 -99 -99 -99 000 042 038 037 039 039 043 041 041 039 041 039 038 038 039 036 038 039 -99 040 040 000 -99 -99 -99 -99 -99 -99 -99 -99 -99 -99
-99 -99 -99 -99 040 040 038 039 039 040 043 042 042 040 040 038 037 039 038 036 033 035 036 037 036 037 039 -99 -99 -99 -99 -99 -99 -99 -99 -99
-99 -99 -99 000 039 039 037 038 038 039 041 042 043 041 039 039 039 039 037 035 038 037 036 036 036 036 038 036 -99 -99 -99 -99 -99 -99 -99 -99
-99 -99 -99 000 037 038 036 038 038 039 040 042 039 039 041 035 036 037 036 037 038 036 037 033 036 036 038 037 -99 -99 -99 -99 -99 -99 -99 -99
-99 -99 -99 000 037 037 037 038 039 039 040 039 042 040 039 034 036 038 036 038 037 034 035 030 032 037 035 039 036 -99 -99 031 -99 -99 -99 -99
-99 -99 -99 -99 035 036 037 037 037 039 039 037 037 037 037 034 036 039 037 039 040 035 037 033 035 036 036 040 036 033 032 031 032 -99 -99 -99
-99 -99 -99 -99 034 035 035 035 039 040 040 037 037 034 035 032 033 038 038 038 039 035 036 034 036 035 036 036 034 034 035 033 033 -99 -99 -99
-99 -99 -99 -99 035 035 035 037 039 037 039 037 036 034 035 035 033 037 000 038 037 035 035 034 033 036 036 036 033 033 034 033 033 -99 -99 -99
-99 -99 -99 -99 036 037 038 038 037 035 039 035 034 032 035 036 035 037 000 000 000 000 034 035 035 036 037 035 034 033 034 035 033 034 -99 -99
-99 -99 -99 -99 -99 038 038 037 037 037 040 036 034 033 035 038 035 000 000 000 000 000 035 035 035 036 037 036 036 035 036 038 034 036 037 -99
-99 -99 -99 -99 -99 000 038 036 035 000 000 000 033 032 035 037 036 000 000 000 000 000 036 035 035 036 037 037 034 036 037 039 -99 039 -99 -99
-99 -99 -99 -99 000 000 036 036 034 000 000 000 033 030 033 035 035 035 036 036 000 000 038 037 000 037 037 037 032 036 038 -99 -99 -99 -99 -99
-99 -99 -99 -99 -99 000 036 036 036 000 000 035 035 029 035 035 036 035 036 036 037 036 036 037 037 038 037 037 037 037 -99 -99 -99 -99 -99 -99
-99 -99 -99 -99 -99 -99 000 000 000 035 035 035 033 032 035 035 035 034 033 038 037 036 036 000 038 038 040 037 038 -99 -99 -99 -99 -99 -99 -99
-99 -99 -99 -99 -99 -99 -99 035 035 034 035 038 033 033 034 033 033 035 035 038 036 035 036 037 038 040 039 -99 -99 -99 -99 -99 -99 -99 -99 -99
-99 -99 -99 -99 -99 -99 -99 035 034 032 034 034 033 034 032 036 036 000 036 038 036 036 -99 -99 038 041 -99 -99 -99 -99 -99 -99 -99 -99 -99 -99
-99 -99 -99 -99 -99 -99 -99 034 033 035 035 034 032 033 034 035 035 000 000 038 035 -99 -99 -99 -99 -99 -99 -99 -99 -99 -99 -99 -99 -99 -99 -99
-99 -99 -99 -99 -99 -99 -99 -99 034 036 -99 -99 -99 033 034 035 000 000 036 037 -99 -99 -99 -99 -99 -99 -99 -99 -99 -99 -99 -99 -99 -99 -99 -99
-99 -99 -99 -99 -99 -99 -99 -99 -99 -99 -99 -99 -99 034 034 034 033 000 036 035 -99 -99 -99 -99 -99 -99 -99 -99 -99 -99 -99 -99 -99 -99 -99 -99
-99 -99 -99 -99 -99 -99 -99 -99 -99 -99 -99 -99 -99 033 030 034 000 036 035 036 -99 -99 -99 -99 -99 -99 -99 -99 -99 -99 -99 -99 -99 -99 -99 -99
-99 -99 -99 -99 -99 -99 -99 -99 -99 -99 -99 -99 -99 -99 033 036 000 037 039 -99 -99 -99 -99 -99 -99 -99 -99 -99 -99 -99 -99 -99 -99 -99 -99 -99
-99 -99 -99 -99 -99 -99 -99 -99 -99 -99 -99 -99 -99 -99 -99 036 -99 -99 -99 -99 -99 -99 -99 -99 -99 -99 -99 -99 -99 -99 -99 -99 -99 -99 -99 -99
