-99 -99 -99 -99 -99 -99 -99 -99 -99 -99 -99 -99 -99 -99 -99 -99 -99 -99 -99 -99 -99 -99 -99 -99 -99 -99 -99 -99 -99 -99 -99 -99 -99 -99 -99 -99
-99 -99 -99 000 -99 -99 -99 -99 -99 -99 -99 -99 -99 -99 -99 -99 -99 -99 -99 -99 -99 -99 -99 -99 -99 -99 -99 -99 -99 -99 -99 -99 -99 -99 -99 -99
-99 -99 000 000 000 000 -99 -99 -99 -99 -99 -99 -99 -99 -99 -99 -99 -99 -99 -99 -99 -99 -99 -99 -99 -99 -99 -99 -99 -99 -99 -99 -99 -99 -99 -99
-99 -99 -99 000 000 000 000 -99 -99 -99 -99 -99 -99 -99 -99 -99 -99 -99 -99 -99 -99 -99 -99 -99 -99 -99 -99 -99 -99 -99 -99 -99 -99 -99 -99 -99
-99 -99 -99 000 000 000 000 000 -99 -99 -99 -99 -99 -99 -99 -99 -99 -99 -99 -99 -99 -99 -99 -99 -99 -99 -99 -99 -99 -99 -99 -99 -99 -99 -99 -99
-99 -99 -99 000 000 000 000 000 000 000 021 -99 -99 -99 -99 -99 -99 -99 -99 -99 -99 -99 -99 -99 -99 -99 -99 -99 -99 -99 -99 -99 -99 -99 -99 -99
-99 000 000 000 000 000 000 000 000 000 021 -99 -99 -99 -99 -99 -99 -99 -99 -99 -99 -99 -99 -99 -99 -99 -99 -99 -99 -99 -99 -99 -99 -99 -99 -99
-99 000 000 000 000 000 000 000 000 000 000 -99 -99 -99 -99 -99 -99 -99 -99 -99 -99 -99 -99 -99 -99 -99 -99 -99 -99 -99 -99 -99 -99 -99 -99 -99
-99 -99 000 000 000 000 000 000 000 000 000 -99 -99 -99 -99 -99 -99 -99 -99 -99 -99 -99 -99 -99 -99 -99 -99 -99 -99 -99 -99 -99 -99 -99 -99 -99
-99 -99 -99 000 000 000 000 000 000 000 000 000 -99 -99 -99 -99 -99 -99 -99 -99 -99 -99 -99 -99 -99 -99 -99 -99 -99 -99 -99 -99 -99 -99 -99 -99
-99 -99 -99 -99 000 000 000 000 000 000 000 000 000 000 000 031 035 -99 -99 -99 -99 -99 -99 -99 -99 -99 -99 -99 -99 -99 -99 -99 -99 -99 -99 -99
-99 -99 -99 -99 000 000 000 000 000 000 000 000 000 000 000 033 035 034 -99 -99 -99 -99 -99 -99 -99 -99 -99 -99 -99 -99 -99 -99 -99 -99 -99 -99
-99 -99 -99 -99 000 000 000 000 000 000 000 000 000 000 032 033 036 037 038 -99 -99 -99 -99 -99 -99 -99 -99 -99 -99 -99 -99 -99 -99 -99 -99 -99
-99 -99 -99 -99 000 000 000 000 000 000 000 000 000 000 031 034 033 036 038 039 036 -99 -99 -99 -99 -99 -99 -99 -99 -99 -99 -99 -99 -99 -99 -99
-99 -99 -99 -99 000 000 000 000 000 000 000 022 000 000 031 035 032 037 038 038 036 -99 -99 -99 -99 -99 -99 -99 -99 -99 -99 -99 -99 -99 -99 -99
-99 -99 -99 -99 000 000 000 000 000 023 025 022 024 027 030 036 037 037 038 037 036 040 -99 034 000 000 -99 -99 -99 -99 -99 -99 -99 -99 -99 -99
-99 -99 -99 -99 000 000 000 000 000 022 023 022 027 029 032 036 039 036 035 034 038 038 032 033 033 041 040 -99 -99 -99 -99 -99 -99 -99 -99 -99
-99 -99 -99 000 000 000 000 000 020 022 023 022 028 030 034 038 036 034 032 034 038 038 033 032 034 039 039 037 -99 -99 -99 -99 -99 -99 -99 -99
-99 -99 -99 000 000 000 000 020 020 023 023 027 031 033 033 037 034 033 032 034 036 034 033 031 035 040 039 039 -99 -99 -99 -99 -99 -99 -99 -99
-99 -99 -99 000 000 022 022 021 020 024 026 030 034 036 034 036 034 030 033 033 034 031 029 030 034 030 036 038 037 -99 -99 036 -99 -99 -99 -99
-99 -99 -99 -99 000 023 023 021 022 025 025 029 033 035 035 033 034 030 030 000 000 026 029 031 032 032 035 037 037 036 032 036 036 -99 -99 -99
-99 -99 -99 -99 024 023 024 024 024 025 025 028 031 034 000 033 035 032 031 000 000 027 028 030 030 034 034 034 036 034 035 035 034 -99 -99 -99
-99 -99 -99 -99 025 022 024 020 023 022 023 026 031 032 035 035 034 033 000 000 028 028 028 031 027 034 034 034 037 033 035 035 030 -99 -99 -99
-99 -99 -99 -99 026 024 023 022 022 020 022 028 031 037 034 034 034 034 000 000 000 000 030 031 031 033 034 034 035 033 034 036 033 032 -99 -99
-99 -99 -99 -99 -99 000 000 023 022 021 000 000 000 034 034 034 034 000 000 000 000 000 030 031 031 032 033 033 032 032 032 034 032 031 031 -99
-99 -99 -99 -99 -99 000 000 000 000 000 000 000 000 032 032 034 034 000 000 000 000 000 000 000 000 032 033 034 033 032 032 033 -99 030 -99 -99
-99 -99 -99 -99 000 000 000 000 000 000 000 000 000 030 029 031 033 000 000 000 000 000 000 000 000 032 034 034 036 030 031 -99 -99 -99 -99 -99
-99 -99 -99 -99 -99 000 000 000 000 000 000 000 000 029 032 031 032 000 000 035 036 036 034 000 032 032 034 034 031 030 -99 -99 -99 -99 -99 -99
-99 -99 -99 -99 -99 -99 000 000 000 000 028 028 029 030 029 031 032 000 000 035 035 036 035 000 033 032 032 033 032 -99 -99 -99 -99 -99 -99 -99
-99 -99 -99 -99 -99 -99 -99 000 000 000 028 000 029 032 030 032 000 000 034 035 035 036 033 032 033 032 032 -99 -99 -99 -99 -99 -99 -99 -99 -99
-99 -99 -99 -99 -99 -99 -99 000 000 000 028 029 031 033 032 033 031 000 034 036 035 032 -99 -99 033 033 -99 -99 -99 -99 -99 -99 -99 -99 -99 -99
-99 -99 -99 -99 -99 -99 -99 000 000 000 026 028 033 034 031 031 000 000 000 040 035 -99 -99 -99 -99 -99 -99 -99 -99 -99 -99 -99 -99 -99 -99 -99
-99 -99 -99 -99 -99 -99 -99 -99 000 000 -99 -99 -99 032 032 032 000 000 044 042 -99 -99 -99 -99 -99 -99 -99 -99 -99 -99 -99 -99 -99 -99 -99 -99
-99 -99 -99 -99 -99 -99 -99 -99 -99 -99 -99 -99 -99 032 031 031 000 000 044 042 -99 -99 -99 -99 -99 -99 -99 -99 -99 -99 -99 -99 -99 -99 -99 -99
-99 -99 -99 -99 -99 -99 -99 -99 -99 -99 -99 -99 -99 032 029 031 000 000 044 038 -99 -99 -99 -99 -99 -99 -99 -99 -99 -99 -99 -99 -99 -99 -99 -99
-99 -99 -99 -99 -99 -99 -99 -99 -99 -99 -99 -99 -99 -99 032 027 000 032 034 -99 -99 -99 -99 -99 -99 -99 -99 -99 -99 -99 -99 -99 -99 -99 -99 -99
-99 -99 -99 -99 -99 -99 -99 -99 -99 -99 -99 -99 -99 -99 -99 025 -99 -99 -99 -99 -99 -99 -99 -99 -99 -99 -99 -99 -99 -99 -99 -99 -99 -99 -99 -99
